              precision    recall  f1-score   support

        Abra     0.9167    0.7333    0.8148        30
  Aerodactyl     0.6875    0.3667    0.4783        30
    Alakazam     0.6562    0.7000    0.6774        30
       Arbok     0.9000    0.9000    0.9000        30
    Arcanine     0.5435    0.8333    0.6579        30
    Articuno     0.8125    0.4333    0.5652        30
    Beedrill     0.5854    0.8000    0.6761        30
  Bellsprout     0.8182    0.9000    0.8571        30
   Blastoise     0.8214    0.7667    0.7931        30
   Bulbasaur     0.5682    0.8333    0.6757        30
  Butterfree     0.8000    0.8000    0.8000        30
    Caterpie     0.2500    1.0000    0.4000        30
     Chansey     0.9091    0.6667    0.7692        30
   Charizard     0.3958    0.6333    0.4872        30
  Charmander     0.5200    0.8667    0.6500        30
  Charmeleon     0.3934    0.8000    0.5275        30
    Clefable     0.9200    0.7667    0.8364        30
    Clefairy     1.0000    0.7000    0.8235        30
    Cloyster     0.9615    0.8333    0.8929        30
      Cubone     0.9524    0.6667    0.7843        30
     Dewgong     0.9286    0.4333    0.5909        30
     Diglett     0.7368    0.9333    0.8235        30
       Ditto     0.9286    0.4333    0.5909        30
      Dodrio     0.4878    0.6667    0.5634        30
       Doduo     0.7059    0.8000    0.7500        30
   Dragonair     0.8333    0.5000    0.6250        30
   Dragonite     1.0000    0.2000    0.3333        30
     Dratini     0.6552    0.6333    0.6441        30
     Drowzee     1.0000    0.8667    0.9286        30
     Dugtrio     0.6444    0.9667    0.7733        30
       Eevee     0.4694    0.7667    0.5823        30
       Ekans     0.7667    0.7667    0.7667        30
  Electabuzz     0.8889    0.8000    0.8421        30
   Electrode     0.9600    0.8000    0.8727        30
   Exeggcute     0.8333    0.3333    0.4762        30
   Exeggutor     0.9545    0.7000    0.8077        30
   Farfetchd     0.9333    0.4667    0.6222        30
      Fearow     0.6667    0.4000    0.5000        30
     Flareon     0.3600    0.9000    0.5143        30
      Gastly     0.7576    0.8333    0.7937        30
      Gengar     0.7742    0.8000    0.7869        30
     Geodude     0.9333    0.4667    0.6222        30
       Gloom     0.9583    0.7667    0.8519        30
      Golbat     0.3718    0.9667    0.5370        30
     Goldeen     0.8148    0.7333    0.7719        30
     Golduck     0.6875    0.7333    0.7097        30
       Golem     1.0000    0.4333    0.6047        30
    Graveler     1.0000    0.3667    0.5366        30
      Grimer     0.9565    0.7333    0.8302        30
   Growlithe     0.6207    0.6000    0.6102        30
    Gyarados     0.4091    0.9000    0.5625        30
     Haunter     0.8000    0.6667    0.7273        30
  Hitmonchan     0.6176    0.7000    0.6562        30
   Hitmonlee     0.3922    0.6667    0.4938        30
      Horsea     0.6471    0.3667    0.4681        30
       Hypno     1.0000    0.2258    0.3684        31
     Ivysaur     0.8276    0.8000    0.8136        30
  Jigglypuff     0.7297    0.9000    0.8060        30
     Jolteon     1.0000    0.4667    0.6364        30
        Jynx     0.8387    0.8667    0.8525        30
      Kabuto     0.4576    0.9000    0.6067        30
    Kabutops     0.9000    0.3000    0.4500        30
     Kadabra     0.8947    0.5667    0.6939        30
      Kakuna     1.0000    0.6333    0.7755        30
  Kangaskhan     1.0000    0.2667    0.4211        30
     Kingler     0.9565    0.7333    0.8302        30
     Koffing     0.7308    0.6333    0.6786        30
      Krabby     0.9524    0.6667    0.7843        30
      Lapras     0.9167    0.3667    0.5238        30
   Lickitung     0.7273    0.8000    0.7619        30
     Machamp     1.0000    0.7000    0.8235        30
     Machoke     0.8077    0.7000    0.7500        30
      Machop     1.0000    0.3333    0.5000        30
    Magikarp     0.8148    0.7333    0.7719        30
      Magmar     0.5200    0.8667    0.6500        30
   Magnemite     0.8947    0.5667    0.6939        30
    Magneton     0.7917    0.6333    0.7037        30
      Mankey     0.8889    0.5333    0.6667        30
     Marowak     0.8182    0.3000    0.4390        30
      Meowth     0.8621    0.8333    0.8475        30
     Metapod     0.6757    0.8333    0.7463        30
         Mew     0.6129    0.6333    0.6230        30
      Mewtwo     1.0000    0.2667    0.4211        30
     Moltres     0.7647    0.4333    0.5532        30
     Mr-Mime     0.4576    0.9000    0.6067        30
         Muk     0.8571    0.2000    0.3243        30
    Nidoking     1.0000    0.5333    0.6957        30
   Nidoqueen     0.8462    0.7333    0.7857        30
   Nidoran-F     0.8182    0.6000    0.6923        30
   Nidoran-M     0.5641    0.7333    0.6377        30
    Nidorina     0.8421    0.5333    0.6531        30
    Nidorino     1.0000    0.3667    0.5366        30
   Ninetales     0.8000    0.1333    0.2286        30
      Oddish     0.9259    0.8333    0.8772        30
     Omanyte     1.0000    0.7333    0.8462        30
     Omastar     1.0000    0.7333    0.8462        30
        Onix     1.0000    0.0333    0.0645        30
       Paras     0.5745    0.9000    0.7013        30
    Parasect     0.7576    0.8333    0.7937        30
     Persian     0.6316    0.4000    0.4898        30
     Pidgeot     0.3134    0.7000    0.4330        30
   Pidgeotto     0.5385    0.7000    0.6087        30
      Pidgey     0.3077    0.5333    0.3902        30
     Pikachu     0.8387    0.8667    0.8525        30
      Pinsir     0.7429    0.8667    0.8000        30
     Poliwag     0.4127    0.8667    0.5591        30
   Poliwhirl     0.7407    0.6667    0.7018        30
   Poliwrath     1.0000    0.5667    0.7234        30
      Ponyta     0.7143    0.6667    0.6897        30
     Porygon     0.5273    0.9667    0.6824        30
    Primeape     0.7895    0.5000    0.6122        30
     Psyduck     0.9167    0.7097    0.8000        31
      Raichu     0.9167    0.3667    0.5238        30
    Rapidash     0.7778    0.4516    0.5714        31
    Raticate     1.0000    0.2333    0.3784        30
     Rattata     0.6552    0.6333    0.6441        30
      Rhydon     0.8000    0.1333    0.2286        30
     Rhyhorn     1.0000    0.0333    0.0645        30
   Sandshrew     0.9333    0.4667    0.6222        30
   Sandslash     0.8235    0.4667    0.5957        30
     Scyther     0.8800    0.7333    0.8000        30
      Seadra     1.0000    0.3667    0.5366        30
     Seaking     0.6923    0.9000    0.7826        30
        Seel     0.7692    0.3333    0.4651        30
    Shellder     0.4085    0.9667    0.5743        30
     Slowbro     0.8400    0.7000    0.7636        30
    Slowpoke     0.6452    0.6667    0.6557        30
     Snorlax     0.6250    0.8333    0.7143        30
     Spearow     0.2222    0.9333    0.3590        30
    Squirtle     0.6190    0.8667    0.7222        30
     Starmie     0.9310    0.9000    0.9153        30
      Staryu     0.9615    0.8333    0.8929        30
     Tangela     0.4355    0.9000    0.5870        30
      Tauros     0.8125    0.8667    0.8387        30
   Tentacool     0.7297    0.9000    0.8060        30
  Tentacruel     0.7273    0.8000    0.7619        30
    Vaporeon     0.9524    0.6667    0.7843        30
    Venomoth     0.9474    0.6000    0.7347        30
     Venonat     0.8571    0.6000    0.7059        30
    Venusaur     0.5098    0.8667    0.6420        30
  Victreebel     0.8667    0.8667    0.8667        30
   Vileplume     0.8000    0.9333    0.8615        30
     Voltorb     0.8571    0.8000    0.8276        30
      Vulpix     0.2911    0.7667    0.4220        30
   Wartortle     0.7105    0.9000    0.7941        30
      Weedle     0.5652    0.8667    0.6842        30
  Weepinbell     0.9259    0.8333    0.8772        30
     Weezing     1.0000    0.3000    0.4615        30
  Wigglytuff     0.9583    0.7667    0.8519        30
      Zapdos     1.0000    0.8000    0.8889        30
       Zubat     0.4783    0.7333    0.5789        30

    accuracy                         0.6620      4533
   macro avg     0.7691    0.6622    0.6612      4533
weighted avg     0.7692    0.6620    0.6612      4533
