              precision    recall  f1-score   support

        Abra     0.9048    0.6333    0.7451        30
  Aerodactyl     0.4444    0.1333    0.2051        30
    Alakazam     0.9000    0.3000    0.4500        30
       Arbok     0.6842    0.8667    0.7647        30
    Arcanine     0.5385    0.7000    0.6087        30
    Articuno     0.8571    0.2000    0.3243        30
    Beedrill     0.7576    0.8333    0.7937        30
  Bellsprout     0.8000    0.8000    0.8000        30
   Blastoise     0.8889    0.5333    0.6667        30
   Bulbasaur     0.6389    0.7667    0.6970        30
  Butterfree     0.8148    0.7333    0.7719        30
    Caterpie     0.2479    0.9667    0.3946        30
     Chansey     0.9000    0.6000    0.7200        30
   Charizard     0.4783    0.7333    0.5789        30
  Charmander     0.3649    0.9000    0.5192        30
  Charmeleon     0.4717    0.8333    0.6024        30
    Clefable     0.6757    0.8333    0.7463        30
    Clefairy     1.0000    0.5333    0.6957        30
    Cloyster     1.0000    0.8000    0.8889        30
      Cubone     1.0000    0.3667    0.5366        30
     Dewgong     0.8333    0.5000    0.6250        30
     Diglett     0.7632    0.9667    0.8529        30
       Ditto     0.9130    0.7000    0.7925        30
      Dodrio     0.5250    0.7000    0.6000        30
       Doduo     0.3750    0.7000    0.4884        30
   Dragonair     0.5250    0.7000    0.6000        30
   Dragonite     0.8421    0.5333    0.6531        30
     Dratini     0.7600    0.6333    0.6909        30
     Drowzee     0.9333    0.4667    0.6222        30
     Dugtrio     0.8621    0.8333    0.8475        30
       Eevee     0.6667    0.6000    0.6316        30
       Ekans     0.8571    0.8000    0.8276        30
  Electabuzz     0.7647    0.8667    0.8125        30
   Electrode     0.8125    0.8667    0.8387        30
   Exeggcute     0.8824    0.5000    0.6383        30
   Exeggutor     0.9167    0.7333    0.8148        30
   Farfetchd     0.8889    0.5333    0.6667        30
      Fearow     0.4194    0.4333    0.4262        30
     Flareon     0.6047    0.8667    0.7123        30
      Gastly     0.7667    0.7667    0.7667        30
      Gengar     0.6429    0.9000    0.7500        30
     Geodude     0.9167    0.3667    0.5238        30
       Gloom     0.9444    0.5667    0.7083        30
      Golbat     0.7500    0.7000    0.7241        30
     Goldeen     0.8889    0.5333    0.6667        30
     Golduck     0.8214    0.7667    0.7931        30
       Golem     0.8667    0.4333    0.5778        30
    Graveler     1.0000    0.5333    0.6957        30
      Grimer     0.9333    0.4667    0.6222        30
   Growlithe     0.5758    0.6333    0.6032        30
    Gyarados     0.8182    0.6000    0.6923        30
     Haunter     0.9091    0.6667    0.7692        30
  Hitmonchan     0.4545    0.8333    0.5882        30
   Hitmonlee     0.1957    0.9000    0.3214        30
      Horsea     0.6897    0.6667    0.6780        30
       Hypno     1.0000    0.2581    0.4103        31
     Ivysaur     0.5476    0.7667    0.6389        30
  Jigglypuff     0.7895    1.0000    0.8824        30
     Jolteon     0.9412    0.5333    0.6809        30
        Jynx     0.8966    0.8667    0.8814        30
      Kabuto     0.2430    0.8667    0.3796        30
    Kabutops     0.8182    0.3000    0.4390        30
     Kadabra     0.7500    0.4000    0.5217        30
      Kakuna     1.0000    0.6333    0.7755        30
  Kangaskhan     1.0000    0.3333    0.5000        30
     Kingler     0.9167    0.7333    0.8148        30
     Koffing     0.9545    0.7000    0.8077        30
      Krabby     0.6087    0.9333    0.7368        30
      Lapras     0.8824    0.5000    0.6383        30
   Lickitung     0.7097    0.7333    0.7213        30
     Machamp     0.9091    0.6667    0.7692        30
     Machoke     0.8261    0.6333    0.7170        30
      Machop     0.7619    0.5333    0.6275        30
    Magikarp     0.8696    0.6667    0.7547        30
      Magmar     0.8148    0.7333    0.7719        30
   Magnemite     0.8182    0.6000    0.6923        30
    Magneton     0.8947    0.5667    0.6939        30
      Mankey     0.9565    0.7333    0.8302        30
     Marowak     0.7143    0.1667    0.2703        30
      Meowth     0.9524    0.6667    0.7843        30
     Metapod     0.5000    0.9333    0.6512        30
         Mew     0.5455    0.4000    0.4615        30
      Mewtwo     1.0000    0.0667    0.1250        30
     Moltres     0.6061    0.6667    0.6349        30
     Mr-Mime     0.5814    0.8333    0.6849        30
         Muk     1.0000    0.2333    0.3784        30
    Nidoking     0.8750    0.7000    0.7778        30
   Nidoqueen     0.8889    0.8000    0.8421        30
   Nidoran-F     0.6552    0.6333    0.6441        30
   Nidoran-M     0.3611    0.8667    0.5098        30
    Nidorina     0.6000    0.5000    0.5455        30
    Nidorino     0.9000    0.3000    0.4500        30
   Ninetales     1.0000    0.2333    0.3784        30
      Oddish     0.9062    0.9667    0.9355        30
     Omanyte     0.8800    0.7333    0.8000        30
     Omastar     0.8696    0.6667    0.7547        30
        Onix     1.0000    0.0667    0.1250        30
       Paras     0.5000    0.9333    0.6512        30
    Parasect     0.8125    0.8667    0.8387        30
     Persian     0.7857    0.3667    0.5000        30
     Pidgeot     0.5833    0.4667    0.5185        30
   Pidgeotto     0.5641    0.7333    0.6377        30
      Pidgey     0.6667    0.5333    0.5926        30
     Pikachu     0.6364    0.7000    0.6667        30
      Pinsir     0.8571    0.8000    0.8276        30
     Poliwag     0.2373    0.9333    0.3784        30
   Poliwhirl     0.5758    0.6333    0.6032        30
   Poliwrath     0.9375    0.5000    0.6522        30
      Ponyta     0.5294    0.6000    0.5625        30
     Porygon     0.8000    0.8000    0.8000        30
    Primeape     0.6000    0.8000    0.6857        30
     Psyduck     0.9048    0.6129    0.7308        31
      Raichu     0.6154    0.2667    0.3721        30
    Rapidash     0.9333    0.4516    0.6087        31
    Raticate     0.8333    0.3333    0.4762        30
     Rattata     0.6667    0.6000    0.6316        30
      Rhydon     1.0000    0.2000    0.3333        30
     Rhyhorn     1.0000    0.1333    0.2353        30
   Sandshrew     0.7778    0.4667    0.5833        30
   Sandslash     1.0000    0.1000    0.1818        30
     Scyther     0.7586    0.7333    0.7458        30
      Seadra     1.0000    0.3000    0.4615        30
     Seaking     0.6286    0.7333    0.6769        30
        Seel     0.7273    0.2667    0.3902        30
    Shellder     0.4531    0.9667    0.6170        30
     Slowbro     0.9000    0.6000    0.7200        30
    Slowpoke     0.6452    0.6667    0.6557        30
     Snorlax     0.4091    0.9000    0.5625        30
     Spearow     0.4510    0.7667    0.5679        30
    Squirtle     0.5581    0.8000    0.6575        30
     Starmie     0.9583    0.7667    0.8519        30
      Staryu     0.9231    0.8000    0.8571        30
     Tangela     0.6765    0.7667    0.7188        30
      Tauros     0.7333    0.7333    0.7333        30
   Tentacool     0.4127    0.8667    0.5591        30
  Tentacruel     0.8214    0.7667    0.7931        30
    Vaporeon     0.9091    0.6667    0.7692        30
    Venomoth     0.8800    0.7333    0.8000        30
     Venonat     0.9167    0.7333    0.8148        30
    Venusaur     0.5098    0.8667    0.6420        30
  Victreebel     0.8966    0.8667    0.8814        30
   Vileplume     0.5172    1.0000    0.6818        30
     Voltorb     0.7812    0.8333    0.8065        30
      Vulpix     0.3000    0.7000    0.4200        30
   Wartortle     0.8462    0.7333    0.7857        30
      Weedle     0.6389    0.7667    0.6970        30
  Weepinbell     0.6970    0.7667    0.7302        30
     Weezing     1.0000    0.4333    0.6047        30
  Wigglytuff     0.9524    0.6667    0.7843        30
      Zapdos     1.0000    0.7667    0.8679        30
       Zubat     0.6579    0.8333    0.7353        30

    accuracy                         0.6428      4533
   macro avg     0.7537    0.6430    0.6439      4533
weighted avg     0.7538    0.6428    0.6438      4533
