              precision    recall  f1-score   support

        Abra     1.0000    0.3000    0.4615        20
  Aerodactyl     0.4000    0.1000    0.1600        20
    Alakazam     0.3462    0.4500    0.3913        20
       Arbok     0.5200    0.6500    0.5778        20
    Arcanine     0.2581    0.8000    0.3902        20
    Articuno     0.7778    0.3500    0.4828        20
    Beedrill     0.4000    0.7000    0.5091        20
  Bellsprout     0.8462    0.5500    0.6667        20
   Blastoise     0.5833    0.3500    0.4375        20
   Bulbasaur     0.7692    0.5000    0.6061        20
  Butterfree     0.7273    0.8000    0.7619        20
    Caterpie     0.5926    0.8000    0.6809        20
     Chansey     1.0000    0.3000    0.4615        20
   Charizard     0.0993    0.7500    0.1754        20
  Charmander     0.2683    0.5500    0.3607        20
  Charmeleon     0.1250    0.6000    0.2069        20
    Clefable     1.0000    0.5000    0.6667        20
    Clefairy     0.8571    0.3000    0.4444        20
    Cloyster     0.8125    0.6500    0.7222        20
      Cubone     0.7000    0.3500    0.4667        20
     Dewgong     0.0000    0.0000    0.0000        20
     Diglett     1.0000    0.3000    0.4615        20
       Ditto     0.8182    0.4500    0.5806        20
      Dodrio     0.2632    0.2500    0.2564        20
       Doduo     1.0000    0.2000    0.3333        20
   Dragonair     0.3333    0.1000    0.1538        20
   Dragonite     0.2857    0.1000    0.1481        20
     Dratini     0.3000    0.1500    0.2000        20
     Drowzee     0.8571    0.3000    0.4444        20
     Dugtrio     0.9091    0.5000    0.6452        20
       Eevee     0.8889    0.4000    0.5517        20
       Ekans     0.7368    0.7000    0.7179        20
  Electabuzz     0.3333    0.9000    0.4865        20
   Electrode     0.5862    0.8500    0.6939        20
   Exeggcute     0.6250    0.2500    0.3571        20
   Exeggutor     1.0000    0.2500    0.4000        20
   Farfetchd     0.5385    0.3500    0.4242        20
      Fearow     1.0000    0.2000    0.3333        20
     Flareon     0.2581    0.4000    0.3137        20
      Gastly     0.7857    0.5500    0.6471        20
      Gengar     0.5000    0.7000    0.5833        20
     Geodude     1.0000    0.1000    0.1818        20
       Gloom     0.4500    0.9000    0.6000        20
      Golbat     0.5789    0.5500    0.5641        20
     Goldeen     0.3846    0.2500    0.3030        20
     Golduck     0.2632    0.2500    0.2564        20
       Golem     0.6364    0.3500    0.4516        20
    Graveler     0.0000    0.0000    0.0000        20
      Grimer     0.6667    0.3000    0.4138        20
   Growlithe     0.2093    0.4500    0.2857        20
    Gyarados     0.2059    0.7000    0.3182        20
     Haunter     0.2321    0.6500    0.3421        20
  Hitmonchan     0.4286    0.6000    0.5000        20
   Hitmonlee     0.8333    0.2500    0.3846        20
      Horsea     0.4286    0.1500    0.2222        20
       Hypno     0.9000    0.4500    0.6000        20
     Ivysaur     0.6667    0.6000    0.6316        20
  Jigglypuff     0.6875    0.5500    0.6111        20
     Jolteon     0.5333    0.4000    0.4571        20
        Jynx     0.2262    0.9500    0.3654        20
      Kabuto     0.4194    0.6500    0.5098        20
    Kabutops     0.5556    0.5000    0.5263        20
     Kadabra     0.5000    0.2000    0.2857        20
      Kakuna     1.0000    0.3500    0.5185        20
  Kangaskhan     0.8000    0.2000    0.3200        20
     Kingler     0.4000    0.5000    0.4444        20
     Koffing     0.5333    0.4000    0.4571        20
      Krabby     0.3250    0.6500    0.4333        20
      Lapras     0.2857    0.3000    0.2927        20
   Lickitung     0.4444    0.2000    0.2759        20
     Machamp     0.6471    0.5500    0.5946        20
     Machoke     0.7647    0.6500    0.7027        20
      Machop     0.6667    0.3000    0.4138        20
    Magikarp     0.2727    0.7500    0.4000        20
      Magmar     0.2093    0.9000    0.3396        20
   Magnemite     0.6923    0.4500    0.5455        20
    Magneton     0.7500    0.6000    0.6667        20
      Mankey     0.0000    0.0000    0.0000        20
     Marowak     0.6667    0.1000    0.1739        20
      Meowth     0.7143    0.5000    0.5882        20
     Metapod     0.0000    0.0000    0.0000        20
         Mew     0.5000    0.0500    0.0909        20
      Mewtwo     0.1818    0.1000    0.1290        20
     Moltres     0.0877    0.2500    0.1299        20
     Mr-Mime     0.2667    0.6000    0.3692        20
         Muk     0.3810    0.4000    0.3902        20
    Nidoking     0.6316    0.6000    0.6154        20
   Nidoqueen     0.3103    0.4500    0.3673        20
   Nidoran-F     0.5556    0.2500    0.3448        20
   Nidoran-M     0.3478    0.8000    0.4848        20
    Nidorina     0.7222    0.6500    0.6842        20
    Nidorino     0.5714    0.2000    0.2963        20
   Ninetales     0.2500    0.0500    0.0833        20
      Oddish     0.8125    0.6500    0.7222        20
     Omanyte     0.9333    0.7000    0.8000        20
     Omastar     0.6111    0.5500    0.5789        20
        Onix     0.0000    0.0000    0.0000        20
       Paras     0.3273    0.9000    0.4800        20
    Parasect     0.3617    0.8500    0.5075        20
     Persian     0.0000    0.0000    0.0000        20
     Pidgeot     0.0000    0.0000    0.0000        20
   Pidgeotto     1.0000    0.1000    0.1818        20
      Pidgey     0.0000    0.0000    0.0000        20
     Pikachu     0.4167    0.5000    0.4545        20
      Pinsir     0.9167    0.5500    0.6875        20
     Poliwag     0.2687    0.9000    0.4138        20
   Poliwhirl     0.6923    0.4500    0.5455        20
   Poliwrath     0.8125    0.6500    0.7222        20
      Ponyta     0.8750    0.3500    0.5000        20
     Porygon     0.2857    0.6000    0.3871        20
    Primeape     0.3846    0.2500    0.3030        20
     Psyduck     0.8889    0.3810    0.5333        21
      Raichu     0.2857    0.1000    0.1481        20
    Rapidash     0.1905    0.3810    0.2540        21
    Raticate     1.0000    0.0500    0.0952        20
     Rattata     0.6667    0.1000    0.1739        20
      Rhydon     1.0000    0.1000    0.1818        20
     Rhyhorn     0.3000    0.1500    0.2000        20
   Sandshrew     0.0000    0.0000    0.0000        20
   Sandslash     0.4000    0.2000    0.2667        20
     Scyther     0.8000    0.6000    0.6857        20
      Seadra     1.0000    0.2000    0.3333        20
     Seaking     0.2917    0.7000    0.4118        20
        Seel     0.0000    0.0000    0.0000        20
    Shellder     0.5357    0.7500    0.6250        20
     Slowbro     0.2727    0.1500    0.1935        20
    Slowpoke     0.5714    0.4000    0.4706        20
     Snorlax     0.4000    0.2000    0.2667        20
     Spearow     0.8000    0.2000    0.3200        20
    Squirtle     1.0000    0.2500    0.4000        20
     Starmie     0.8636    0.9500    0.9048        20
      Staryu     0.9333    0.7000    0.8000        20
     Tangela     0.2941    0.7500    0.4225        20
      Tauros     0.3750    0.1500    0.2143        20
   Tentacool     0.3333    0.2500    0.2857        20
  Tentacruel     0.2169    0.9000    0.3495        20
    Vaporeon     0.7143    0.5000    0.5882        20
    Venomoth     1.0000    0.1500    0.2609        20
     Venonat     0.5833    0.7000    0.6364        20
    Venusaur     0.3667    0.5500    0.4400        20
  Victreebel     0.8750    0.3500    0.5000        20
   Vileplume     0.5625    0.9000    0.6923        20
     Voltorb     0.8947    0.8500    0.8718        20
      Vulpix     0.3333    0.1500    0.2069        20
   Wartortle     0.6429    0.4500    0.5294        20
      Weedle     0.8571    0.3000    0.4444        20
  Weepinbell     0.8750    0.3500    0.5000        20
     Weezing     0.5833    0.3500    0.4375        20
  Wigglytuff     0.7692    0.5000    0.6061        20
      Zapdos     0.8125    0.6500    0.7222        20
       Zubat     0.5000    0.3500    0.4118        20

    accuracy                         0.4209      3022
   macro avg     0.5455    0.4209    0.4106      3022
weighted avg     0.5455    0.4209    0.4105      3022
