              precision    recall  f1-score   support

        Abra     0.5769    0.7500    0.6522        20
  Aerodactyl     0.6000    0.1500    0.2400        20
    Alakazam     0.6667    0.7000    0.6829        20
       Arbok     0.5833    0.7000    0.6364        20
    Arcanine     0.5789    0.5500    0.5641        20
    Articuno     1.0000    0.5000    0.6667        20
    Beedrill     0.7368    0.7000    0.7179        20
  Bellsprout     0.6154    0.8000    0.6957        20
   Blastoise     0.9091    0.5000    0.6452        20
   Bulbasaur     0.6190    0.6500    0.6341        20
  Butterfree     0.9231    0.6000    0.7273        20
    Caterpie     0.3115    0.9500    0.4691        20
     Chansey     0.8889    0.4000    0.5517        20
   Charizard     0.2326    0.5000    0.3175        20
  Charmander     0.2239    0.7500    0.3448        20
  Charmeleon     0.2500    0.3000    0.2727        20
    Clefable     0.9167    0.5500    0.6875        20
    Clefairy     0.8667    0.6500    0.7429        20
    Cloyster     0.8000    0.6000    0.6857        20
      Cubone     0.9167    0.5500    0.6875        20
     Dewgong     0.6667    0.1000    0.1739        20
     Diglett     0.6800    0.8500    0.7556        20
       Ditto     0.7778    0.3500    0.4828        20
      Dodrio     0.4211    0.4000    0.4103        20
       Doduo     0.5000    0.7000    0.5833        20
   Dragonair     0.3529    0.3000    0.3243        20
   Dragonite     0.4286    0.1500    0.2222        20
     Dratini     0.5294    0.4500    0.4865        20
     Drowzee     0.5789    0.5500    0.5641        20
     Dugtrio     0.6667    0.7000    0.6829        20
       Eevee     0.6667    0.9000    0.7660        20
       Ekans     0.4444    0.8000    0.5714        20
  Electabuzz     0.4571    0.8000    0.5818        20
   Electrode     0.8824    0.7500    0.8108        20
   Exeggcute     0.8571    0.3000    0.4444        20
   Exeggutor     0.9375    0.7500    0.8333        20
   Farfetchd     0.6667    0.6000    0.6316        20
      Fearow     0.3529    0.3000    0.3243        20
     Flareon     0.5357    0.7500    0.6250        20
      Gastly     0.4615    0.6000    0.5217        20
      Gengar     0.3810    0.8000    0.5161        20
     Geodude     0.7500    0.4500    0.5625        20
       Gloom     0.6400    0.8000    0.7111        20
      Golbat     0.3333    0.8000    0.4706        20
     Goldeen     0.8333    0.2500    0.3846        20
     Golduck     0.4000    0.4000    0.4000        20
       Golem     1.0000    0.3000    0.4615        20
    Graveler     1.0000    0.2000    0.3333        20
      Grimer     0.7647    0.6500    0.7027        20
   Growlithe     0.3333    0.5000    0.4000        20
    Gyarados     0.3929    0.5500    0.4583        20
     Haunter     0.3111    0.7000    0.4308        20
  Hitmonchan     0.5909    0.6500    0.6190        20
   Hitmonlee     0.4783    0.5500    0.5116        20
      Horsea     0.5455    0.3000    0.3871        20
       Hypno     0.8235    0.7000    0.7568        20
     Ivysaur     0.7857    0.5500    0.6471        20
  Jigglypuff     0.6316    0.6000    0.6154        20
     Jolteon     0.8000    0.6000    0.6857        20
        Jynx     0.7600    0.9500    0.8444        20
      Kabuto     0.3191    0.7500    0.4478        20
    Kabutops     0.9000    0.4500    0.6000        20
     Kadabra     0.4706    0.4000    0.4324        20
      Kakuna     0.8235    0.7000    0.7568        20
  Kangaskhan     0.7500    0.1500    0.2500        20
     Kingler     0.8235    0.7000    0.7568        20
     Koffing     0.5152    0.8500    0.6415        20
      Krabby     0.6875    0.5500    0.6111        20
      Lapras     0.6000    0.4500    0.5143        20
   Lickitung     0.3548    0.5500    0.4314        20
     Machamp     0.7500    0.4500    0.5625        20
     Machoke     0.6667    0.4000    0.5000        20
      Machop     0.7692    0.5000    0.6061        20
    Magikarp     0.5417    0.6500    0.5909        20
      Magmar     0.5926    0.8000    0.6809        20
   Magnemite     0.8889    0.4000    0.5517        20
    Magneton     1.0000    0.5000    0.6667        20
      Mankey     0.6667    0.1000    0.1739        20
     Marowak     0.8333    0.2500    0.3846        20
      Meowth     0.9091    0.5000    0.6452        20
     Metapod     0.8571    0.6000    0.7059        20
         Mew     0.6250    0.2500    0.3571        20
      Mewtwo     1.0000    0.0500    0.0952        20
     Moltres     0.7778    0.3500    0.4828        20
     Mr-Mime     0.7059    0.6000    0.6486        20
         Muk     0.8889    0.4000    0.5517        20
    Nidoking     0.8750    0.3500    0.5000        20
   Nidoqueen     0.6667    0.3000    0.4138        20
   Nidoran-F     0.7500    0.3000    0.4286        20
   Nidoran-M     0.3636    0.8000    0.5000        20
    Nidorina     0.7500    0.3000    0.4286        20
    Nidorino     0.7143    0.2500    0.3704        20
   Ninetales     1.0000    0.0500    0.0952        20
      Oddish     0.9375    0.7500    0.8333        20
     Omanyte     0.6923    0.9000    0.7826        20
     Omastar     0.9091    0.5000    0.6452        20
        Onix     0.0000    0.0000    0.0000        20
       Paras     0.3448    1.0000    0.5128        20
    Parasect     0.4634    0.9500    0.6230        20
     Persian     0.5000    0.0500    0.0909        20
     Pidgeot     0.5000    0.3500    0.4118        20
   Pidgeotto     0.4615    0.3000    0.3636        20
      Pidgey     0.5833    0.3500    0.4375        20
     Pikachu     0.7222    0.6500    0.6842        20
      Pinsir     0.7895    0.7500    0.7692        20
     Poliwag     0.2143    0.9000    0.3462        20
   Poliwhirl     0.4286    0.7500    0.5455        20
   Poliwrath     0.6250    0.5000    0.5556        20
      Ponyta     0.6364    0.3500    0.4516        20
     Porygon     0.4706    0.8000    0.5926        20
    Primeape     0.7692    0.5000    0.6061        20
     Psyduck     0.8000    0.7619    0.7805        21
      Raichu     0.4815    0.6500    0.5532        20
    Rapidash     0.3704    0.4762    0.4167        21
    Raticate     0.4667    0.3500    0.4000        20
     Rattata     0.8333    0.2500    0.3846        20
      Rhydon     0.0000    0.0000    0.0000        20
     Rhyhorn     0.6667    0.2000    0.3077        20
   Sandshrew     0.5000    0.5000    0.5000        20
   Sandslash     0.5714    0.4000    0.4706        20
     Scyther     0.9167    0.5500    0.6875        20
      Seadra     1.0000    0.1000    0.1818        20
     Seaking     0.4324    0.8000    0.5614        20
        Seel     0.8000    0.2000    0.3200        20
    Shellder     0.3542    0.8500    0.5000        20
     Slowbro     1.0000    0.3000    0.4615        20
    Slowpoke     0.5625    0.4500    0.5000        20
     Snorlax     0.6250    0.2500    0.3571        20
     Spearow     0.3333    0.6500    0.4407        20
    Squirtle     0.5588    0.9500    0.7037        20
     Starmie     0.8947    0.8500    0.8718        20
      Staryu     0.7727    0.8500    0.8095        20
     Tangela     0.4054    0.7500    0.5263        20
      Tauros     0.4762    0.5000    0.4878        20
   Tentacool     0.7368    0.7000    0.7179        20
  Tentacruel     0.3393    0.9500    0.5000        20
    Vaporeon     0.7000    0.3500    0.4667        20
    Venomoth     0.7273    0.4000    0.5161        20
     Venonat     0.6364    0.7000    0.6667        20
    Venusaur     0.3947    0.7500    0.5172        20
  Victreebel     0.7222    0.6500    0.6842        20
   Vileplume     0.2714    0.9500    0.4222        20
     Voltorb     0.7368    0.7000    0.7179        20
      Vulpix     0.3421    0.6500    0.4483        20
   Wartortle     1.0000    0.3500    0.5185        20
      Weedle     0.3750    0.6000    0.4615        20
  Weepinbell     0.5652    0.6500    0.6047        20
     Weezing     1.0000    0.0500    0.0952        20
  Wigglytuff     0.8000    0.4000    0.5333        20
      Zapdos     1.0000    0.6000    0.7500        20
       Zubat     0.5238    0.5500    0.5366        20

    accuracy                         0.5361      3022
   macro avg     0.6372    0.5360    0.5254      3022
weighted avg     0.6371    0.5361    0.5254      3022
