              precision    recall  f1-score   support

        Abra     0.7143    0.8333    0.7692        30
  Aerodactyl     0.6667    0.2667    0.3810        30
    Alakazam     0.7600    0.6333    0.6909        30
       Arbok     0.6000    0.9000    0.7200        30
    Arcanine     0.6667    0.8000    0.7273        30
    Articuno     1.0000    0.2333    0.3784        30
    Beedrill     0.5957    0.9333    0.7273        30
  Bellsprout     0.7812    0.8333    0.8065        30
   Blastoise     1.0000    0.6333    0.7755        30
   Bulbasaur     0.7188    0.7667    0.7419        30
  Butterfree     0.9600    0.8000    0.8727        30
    Caterpie     0.2947    0.9333    0.4480        30
     Chansey     0.9565    0.7333    0.8302        30
   Charizard     0.5000    0.8000    0.6154        30
  Charmander     0.5833    0.9333    0.7179        30
  Charmeleon     0.5676    0.7000    0.6269        30
    Clefable     0.7600    0.6333    0.6909        30
    Clefairy     1.0000    0.4667    0.6364        30
    Cloyster     0.9259    0.8333    0.8772        30
      Cubone     0.7857    0.7333    0.7586        30
     Dewgong     0.6957    0.5333    0.6038        30
     Diglett     0.8710    0.9000    0.8852        30
       Ditto     0.7917    0.6333    0.7037        30
      Dodrio     0.6364    0.7000    0.6667        30
       Doduo     0.5294    0.9000    0.6667        30
   Dragonair     0.5000    0.5333    0.5161        30
   Dragonite     0.8846    0.7667    0.8214        30
     Dratini     0.5227    0.7667    0.6216        30
     Drowzee     0.9000    0.9000    0.9000        30
     Dugtrio     0.7647    0.8667    0.8125        30
       Eevee     0.3214    0.9000    0.4737        30
       Ekans     0.8500    0.5667    0.6800        30
  Electabuzz     0.7429    0.8667    0.8000        30
   Electrode     0.8800    0.7333    0.8000        30
   Exeggcute     1.0000    0.4333    0.6047        30
   Exeggutor     0.9474    0.6000    0.7347        30
   Farfetchd     0.8571    0.6000    0.7059        30
      Fearow     0.9286    0.4333    0.5909        30
     Flareon     0.3590    0.9333    0.5185        30
      Gastly     0.6757    0.8333    0.7463        30
      Gengar     0.5918    0.9667    0.7342        30
     Geodude     0.6316    0.4000    0.4898        30
       Gloom     1.0000    0.6000    0.7500        30
      Golbat     0.4490    0.7333    0.5570        30
     Goldeen     0.9333    0.4667    0.6222        30
     Golduck     0.8077    0.7000    0.7500        30
       Golem     1.0000    0.4000    0.5714        30
    Graveler     1.0000    0.3667    0.5366        30
      Grimer     0.9524    0.6667    0.7843        30
   Growlithe     0.5750    0.7667    0.6571        30
    Gyarados     0.7308    0.6333    0.6786        30
     Haunter     0.8889    0.5333    0.6667        30
  Hitmonchan     0.6667    0.6667    0.6667        30
   Hitmonlee     0.2396    0.7667    0.3651        30
      Horsea     0.6667    0.6667    0.6667        30
       Hypno     0.9048    0.6129    0.7308        31
     Ivysaur     0.9200    0.7667    0.8364        30
  Jigglypuff     0.9062    0.9667    0.9355        30
     Jolteon     0.9000    0.6000    0.7200        30
        Jynx     0.6222    0.9333    0.7467        30
      Kabuto     0.5625    0.9000    0.6923        30
    Kabutops     0.9375    0.5000    0.6522        30
     Kadabra     0.9500    0.6333    0.7600        30
      Kakuna     1.0000    0.6000    0.7500        30
  Kangaskhan     0.8333    0.6667    0.7407        30
     Kingler     0.9474    0.6000    0.7347        30
     Koffing     0.8400    0.7000    0.7636        30
      Krabby     0.7353    0.8333    0.7812        30
      Lapras     0.8333    0.5000    0.6250        30
   Lickitung     0.8947    0.5667    0.6939        30
     Machamp     0.8214    0.7667    0.7931        30
     Machoke     0.9524    0.6667    0.7843        30
      Machop     0.9412    0.5333    0.6809        30
    Magikarp     0.7500    0.9000    0.8182        30
      Magmar     0.6316    0.8000    0.7059        30
   Magnemite     0.7826    0.6000    0.6792        30
    Magneton     0.7500    0.8000    0.7742        30
      Mankey     0.5128    0.6667    0.5797        30
     Marowak     0.6667    0.4000    0.5000        30
      Meowth     0.6585    0.9000    0.7606        30
     Metapod     0.7576    0.8333    0.7937        30
         Mew     0.6129    0.6333    0.6230        30
      Mewtwo     1.0000    0.1333    0.2353        30
     Moltres     0.8824    0.5000    0.6383        30
     Mr-Mime     0.9130    0.7000    0.7925        30
         Muk     0.8571    0.4000    0.5455        30
    Nidoking     1.0000    0.3667    0.5366        30
   Nidoqueen     0.9200    0.7667    0.8364        30
   Nidoran-F     0.7273    0.8000    0.7619        30
   Nidoran-M     0.5556    0.6667    0.6061        30
    Nidorina     0.8182    0.6000    0.6923        30
    Nidorino     0.9167    0.3667    0.5238        30
   Ninetales     1.0000    0.1333    0.2353        30
      Oddish     0.9333    0.9333    0.9333        30
     Omanyte     0.8571    0.8000    0.8276        30
     Omastar     1.0000    0.6667    0.8000        30
        Onix     1.0000    0.2333    0.3784        30
       Paras     0.6444    0.9667    0.7733        30
    Parasect     0.7714    0.9000    0.8308        30
     Persian     0.5556    0.5000    0.5263        30
     Pidgeot     0.4324    0.5333    0.4776        30
   Pidgeotto     0.6207    0.6000    0.6102        30
      Pidgey     0.4762    0.6667    0.5556        30
     Pikachu     0.3913    0.9000    0.5455        30
      Pinsir     0.7500    0.9000    0.8182        30
     Poliwag     0.2647    0.9000    0.4091        30
   Poliwhirl     0.5476    0.7667    0.6389        30
   Poliwrath     0.9048    0.6333    0.7451        30
      Ponyta     0.5789    0.7333    0.6471        30
     Porygon     1.0000    0.6667    0.8000        30
    Primeape     0.7273    0.5333    0.6154        30
     Psyduck     0.8966    0.8387    0.8667        31
      Raichu     1.0000    0.2667    0.4211        30
    Rapidash     0.9231    0.3871    0.5455        31
    Raticate     0.7895    0.5000    0.6122        30
     Rattata     0.3455    0.6333    0.4471        30
      Rhydon     1.0000    0.2000    0.3333        30
     Rhyhorn     1.0000    0.2333    0.3784        30
   Sandshrew     0.8333    0.6667    0.7407        30
   Sandslash     0.8667    0.4333    0.5778        30
     Scyther     0.8846    0.7667    0.8214        30
      Seadra     1.0000    0.2333    0.3784        30
     Seaking     0.7500    0.7000    0.7241        30
        Seel     0.7778    0.2333    0.3590        30
    Shellder     0.3412    0.9667    0.5043        30
     Slowbro     0.8077    0.7000    0.7500        30
    Slowpoke     0.6061    0.6667    0.6349        30
     Snorlax     0.4667    0.9333    0.6222        30
     Spearow     0.3421    0.8667    0.4906        30
    Squirtle     0.7500    0.9000    0.8182        30
     Starmie     1.0000    0.9000    0.9474        30
      Staryu     0.9583    0.7667    0.8519        30
     Tangela     0.9200    0.7667    0.8364        30
      Tauros     0.6190    0.8667    0.7222        30
   Tentacool     0.8000    0.8000    0.8000        30
  Tentacruel     0.7353    0.8333    0.7812        30
    Vaporeon     0.9000    0.6000    0.7200        30
    Venomoth     0.9048    0.6333    0.7451        30
     Venonat     1.0000    0.6000    0.7500        30
    Venusaur     0.8000    0.9333    0.8615        30
  Victreebel     0.8000    0.9333    0.8615        30
   Vileplume     0.8056    0.9667    0.8788        30
     Voltorb     1.0000    0.8333    0.9091        30
      Vulpix     0.6333    0.6333    0.6333        30
   Wartortle     0.8214    0.7667    0.7931        30
      Weedle     0.5682    0.8333    0.6757        30
  Weepinbell     0.7222    0.8667    0.7879        30
     Weezing     0.8750    0.4667    0.6087        30
  Wigglytuff     1.0000    0.4667    0.6364        30
      Zapdos     1.0000    0.5667    0.7234        30
       Zubat     0.8214    0.7667    0.7931        30

    accuracy                         0.6768      4533
   macro avg     0.7706    0.6769    0.6786      4533
weighted avg     0.7707    0.6768    0.6787      4533
