              precision    recall  f1-score   support

        Abra     0.7143    0.5000    0.5882        20
  Aerodactyl     0.3636    0.2000    0.2581        20
    Alakazam     0.6000    0.4500    0.5143        20
       Arbok     0.3871    0.6000    0.4706        20
    Arcanine     0.3947    0.7500    0.5172        20
    Articuno     0.5185    0.7000    0.5957        20
    Beedrill     0.4516    0.7000    0.5490        20
  Bellsprout     0.3889    0.3500    0.3684        20
   Blastoise     0.8750    0.3500    0.5000        20
   Bulbasaur     0.6842    0.6500    0.6667        20
  Butterfree     0.7895    0.7500    0.7692        20
    Caterpie     0.2048    0.8500    0.3301        20
     Chansey     1.0000    0.1000    0.1818        20
   Charizard     0.2353    0.6000    0.3380        20
  Charmander     0.5652    0.6500    0.6047        20
  Charmeleon     0.4583    0.5500    0.5000        20
    Clefable     1.0000    0.2500    0.4000        20
    Clefairy     1.0000    0.3000    0.4615        20
    Cloyster     0.8182    0.4500    0.5806        20
      Cubone     0.8000    0.2000    0.3200        20
     Dewgong     1.0000    0.1000    0.1818        20
     Diglett     0.8462    0.5500    0.6667        20
       Ditto     1.0000    0.2000    0.3333        20
      Dodrio     0.2571    0.4500    0.3273        20
       Doduo     0.4615    0.9000    0.6102        20
   Dragonair     0.4000    0.3000    0.3429        20
   Dragonite     0.4000    0.3000    0.3429        20
     Dratini     0.6250    0.2500    0.3571        20
     Drowzee     0.5000    0.4500    0.4737        20
     Dugtrio     0.6250    0.7500    0.6818        20
       Eevee     0.6667    0.7000    0.6829        20
       Ekans     0.4615    0.9000    0.6102        20
  Electabuzz     0.5294    0.9000    0.6667        20
   Electrode     0.8000    0.8000    0.8000        20
   Exeggcute     1.0000    0.1000    0.1818        20
   Exeggutor     0.9333    0.7000    0.8000        20
   Farfetchd     0.9000    0.4500    0.6000        20
      Fearow     0.4375    0.3500    0.3889        20
     Flareon     0.3953    0.8500    0.5397        20
      Gastly     0.4800    0.6000    0.5333        20
      Gengar     0.3611    0.6500    0.4643        20
     Geodude     0.4000    0.2000    0.2667        20
       Gloom     0.5625    0.9000    0.6923        20
      Golbat     0.2879    0.9500    0.4419        20
     Goldeen     0.5833    0.3500    0.4375        20
     Golduck     0.5385    0.3500    0.4242        20
       Golem     0.8889    0.4000    0.5517        20
    Graveler     1.0000    0.2500    0.4000        20
      Grimer     0.6667    0.5000    0.5714        20
   Growlithe     0.2826    0.6500    0.3939        20
    Gyarados     0.3333    0.5000    0.4000        20
     Haunter     0.3103    0.9000    0.4615        20
  Hitmonchan     0.5333    0.4000    0.4571        20
   Hitmonlee     0.6923    0.4500    0.5455        20
      Horsea     0.4667    0.3500    0.4000        20
       Hypno     0.6364    0.3500    0.4516        20
     Ivysaur     0.8421    0.8000    0.8205        20
  Jigglypuff     0.8000    0.6000    0.6857        20
     Jolteon     1.0000    0.3500    0.5185        20
        Jynx     0.7727    0.8500    0.8095        20
      Kabuto     0.3784    0.7000    0.4912        20
    Kabutops     0.7778    0.3500    0.4828        20
     Kadabra     0.2500    0.0500    0.0833        20
      Kakuna     0.8571    0.6000    0.7059        20
  Kangaskhan     1.0000    0.3000    0.4615        20
     Kingler     0.7500    0.7500    0.7500        20
     Koffing     0.6500    0.6500    0.6500        20
      Krabby     0.5000    0.7000    0.5833        20
      Lapras     0.7500    0.6000    0.6667        20
   Lickitung     0.5556    0.2500    0.3448        20
     Machamp     0.8889    0.4000    0.5517        20
     Machoke     0.6471    0.5500    0.5946        20
      Machop     0.7647    0.6500    0.7027        20
    Magikarp     0.3871    0.6000    0.4706        20
      Magmar     0.4186    0.9000    0.5714        20
   Magnemite     0.6667    0.3000    0.4138        20
    Magneton     0.8889    0.4000    0.5517        20
      Mankey     0.8000    0.2000    0.3200        20
     Marowak     0.5000    0.2000    0.2857        20
      Meowth     0.9000    0.4500    0.6000        20
     Metapod     1.0000    0.2000    0.3333        20
         Mew     0.4118    0.3500    0.3784        20
      Mewtwo     0.2000    0.1000    0.1333        20
     Moltres     0.2500    0.5000    0.3333        20
     Mr-Mime     0.4286    0.6000    0.5000        20
         Muk     0.6667    0.2000    0.3077        20
    Nidoking     0.7273    0.4000    0.5161        20
   Nidoqueen     0.9167    0.5500    0.6875        20
   Nidoran-F     0.5000    0.2000    0.2857        20
   Nidoran-M     0.2679    0.7500    0.3947        20
    Nidorina     0.4348    0.5000    0.4651        20
    Nidorino     0.5000    0.1500    0.2308        20
   Ninetales     0.3636    0.2000    0.2581        20
      Oddish     0.7727    0.8500    0.8095        20
     Omanyte     0.6667    0.9000    0.7660        20
     Omastar     0.9091    0.5000    0.6452        20
        Onix     0.0000    0.0000    0.0000        20
       Paras     0.3333    0.8000    0.4706        20
    Parasect     0.6429    0.9000    0.7500        20
     Persian     0.3750    0.1500    0.2143        20
     Pidgeot     0.2750    0.5500    0.3667        20
   Pidgeotto     0.6923    0.4500    0.5455        20
      Pidgey     0.2759    0.4000    0.3265        20
     Pikachu     0.5556    0.7500    0.6383        20
      Pinsir     0.6957    0.8000    0.7442        20
     Poliwag     0.5769    0.7500    0.6522        20
   Poliwhirl     0.7647    0.6500    0.7027        20
   Poliwrath     0.7222    0.6500    0.6842        20
      Ponyta     0.6364    0.3500    0.4516        20
     Porygon     0.4643    0.6500    0.5417        20
    Primeape     0.8750    0.3500    0.5000        20
     Psyduck     0.7273    0.3810    0.5000        21
      Raichu     0.4737    0.4500    0.4615        20
    Rapidash     0.2778    0.4762    0.3509        21
    Raticate     0.5333    0.4000    0.4571        20
     Rattata     0.4348    0.5000    0.4651        20
      Rhydon     0.0000    0.0000    0.0000        20
     Rhyhorn     0.0000    0.0000    0.0000        20
   Sandshrew     0.6364    0.3500    0.4516        20
   Sandslash     0.9091    0.5000    0.6452        20
     Scyther     0.7000    0.7000    0.7000        20
      Seadra     0.8571    0.3000    0.4444        20
     Seaking     0.4516    0.7000    0.5490        20
        Seel     0.0000    0.0000    0.0000        20
    Shellder     0.3265    0.8000    0.4638        20
     Slowbro     0.8750    0.3500    0.5000        20
    Slowpoke     0.4444    0.4000    0.4211        20
     Snorlax     0.7059    0.6000    0.6486        20
     Spearow     0.4800    0.6000    0.5333        20
    Squirtle     0.6154    0.8000    0.6957        20
     Starmie     0.6667    0.9000    0.7660        20
      Staryu     0.8500    0.8500    0.8500        20
     Tangela     0.5517    0.8000    0.6531        20
      Tauros     0.5000    0.5000    0.5000        20
   Tentacool     0.5600    0.7000    0.6222        20
  Tentacruel     0.3158    0.9000    0.4675        20
    Vaporeon     0.8182    0.4500    0.5806        20
    Venomoth     1.0000    0.3000    0.4615        20
     Venonat     0.5172    0.7500    0.6122        20
    Venusaur     0.8000    0.8000    0.8000        20
  Victreebel     0.4167    0.7500    0.5357        20
   Vileplume     0.6071    0.8500    0.7083        20
     Voltorb     0.7778    0.7000    0.7368        20
      Vulpix     0.3889    0.3500    0.3684        20
   Wartortle     0.7500    0.4500    0.5625        20
      Weedle     0.4348    0.5000    0.4651        20
  Weepinbell     0.5652    0.6500    0.6047        20
     Weezing     0.7500    0.1500    0.2500        20
  Wigglytuff     0.7000    0.3500    0.4667        20
      Zapdos     0.6667    0.7000    0.6829        20
       Zubat     0.3125    0.5000    0.3846        20

    accuracy                         0.5116      3022
   macro avg     0.5931    0.5116    0.4974      3022
weighted avg     0.5930    0.5116    0.4974      3022
