              precision    recall  f1-score   support

        Abra     0.6842    0.6500    0.6667        20
  Aerodactyl     0.2857    0.1000    0.1481        20
    Alakazam     0.5909    0.6500    0.6190        20
       Arbok     0.6667    0.7000    0.6829        20
    Arcanine     0.3191    0.7500    0.4478        20
    Articuno     0.6923    0.4500    0.5455        20
    Beedrill     0.6522    0.7500    0.6977        20
  Bellsprout     0.5000    0.2000    0.2857        20
   Blastoise     0.5000    0.3000    0.3750        20
   Bulbasaur     0.7333    0.5500    0.6286        20
  Butterfree     0.5714    0.8000    0.6667        20
    Caterpie     0.3542    0.8500    0.5000        20
     Chansey     1.0000    0.3000    0.4615        20
   Charizard     0.1538    0.5000    0.2353        20
  Charmander     0.4800    0.6000    0.5333        20
  Charmeleon     0.2500    0.6000    0.3529        20
    Clefable     0.7000    0.3500    0.4667        20
    Clefairy     1.0000    0.3500    0.5185        20
    Cloyster     0.8667    0.6500    0.7429        20
      Cubone     1.0000    0.4500    0.6207        20
     Dewgong     1.0000    0.1500    0.2609        20
     Diglett     0.6667    0.6000    0.6316        20
       Ditto     0.8750    0.3500    0.5000        20
      Dodrio     0.3846    0.2500    0.3030        20
       Doduo     0.6111    0.5500    0.5789        20
   Dragonair     0.4545    0.2500    0.3226        20
   Dragonite     0.5000    0.2000    0.2857        20
     Dratini     0.4118    0.3500    0.3784        20
     Drowzee     0.7857    0.5500    0.6471        20
     Dugtrio     0.3500    0.7000    0.4667        20
       Eevee     0.8333    0.7500    0.7895        20
       Ekans     0.6000    0.7500    0.6667        20
  Electabuzz     0.4865    0.9000    0.6316        20
   Electrode     0.9091    1.0000    0.9524        20
   Exeggcute     0.5000    0.1000    0.1667        20
   Exeggutor     0.8750    0.7000    0.7778        20
   Farfetchd     0.8750    0.3500    0.5000        20
      Fearow     0.4000    0.2000    0.2667        20
     Flareon     0.4783    0.5500    0.5116        20
      Gastly     0.5909    0.6500    0.6190        20
      Gengar     0.4848    0.8000    0.6038        20
     Geodude     0.6364    0.3500    0.4516        20
       Gloom     0.5600    0.7000    0.6222        20
      Golbat     0.3469    0.8500    0.4928        20
     Goldeen     0.4286    0.1500    0.2222        20
     Golduck     0.4444    0.4000    0.4211        20
       Golem     0.5455    0.3000    0.3871        20
    Graveler     0.7000    0.3500    0.4667        20
      Grimer     0.7692    0.5000    0.6061        20
   Growlithe     0.3478    0.4000    0.3721        20
    Gyarados     0.2340    0.5500    0.3284        20
     Haunter     0.3889    0.7000    0.5000        20
  Hitmonchan     0.4737    0.4500    0.4615        20
   Hitmonlee     0.8000    0.4000    0.5333        20
      Horsea     0.5714    0.2000    0.2963        20
       Hypno     0.9167    0.5500    0.6875        20
     Ivysaur     0.6087    0.7000    0.6512        20
  Jigglypuff     0.5500    0.5500    0.5500        20
     Jolteon     0.8750    0.3500    0.5000        20
        Jynx     0.6522    0.7500    0.6977        20
      Kabuto     0.4545    0.7500    0.5660        20
    Kabutops     0.8000    0.2000    0.3200        20
     Kadabra     0.2400    0.3000    0.2667        20
      Kakuna     0.8421    0.8000    0.8205        20
  Kangaskhan     0.6000    0.1500    0.2400        20
     Kingler     0.8095    0.8500    0.8293        20
     Koffing     0.4783    0.5500    0.5116        20
      Krabby     0.5500    0.5500    0.5500        20
      Lapras     0.5833    0.3500    0.4375        20
   Lickitung     0.4667    0.3500    0.4000        20
     Machamp     0.8889    0.4000    0.5517        20
     Machoke     1.0000    0.3500    0.5185        20
      Machop     0.9000    0.4500    0.6000        20
    Magikarp     0.5000    0.5500    0.5238        20
      Magmar     0.5417    0.6500    0.5909        20
   Magnemite     0.6000    0.3000    0.4000        20
    Magneton     0.9091    0.5000    0.6452        20
      Mankey     1.0000    0.0500    0.0952        20
     Marowak     0.8571    0.3000    0.4444        20
      Meowth     0.6923    0.4500    0.5455        20
     Metapod     1.0000    0.1500    0.2609        20
         Mew     0.4444    0.2000    0.2759        20
      Mewtwo     0.3333    0.0500    0.0870        20
     Moltres     0.2069    0.3000    0.2449        20
     Mr-Mime     0.3889    0.7000    0.5000        20
         Muk     0.5000    0.3000    0.3750        20
    Nidoking     0.6818    0.7500    0.7143        20
   Nidoqueen     0.8182    0.4500    0.5806        20
   Nidoran-F     0.9000    0.4500    0.6000        20
   Nidoran-M     0.3333    0.8000    0.4706        20
    Nidorina     0.8182    0.4500    0.5806        20
    Nidorino     0.5714    0.2000    0.2963        20
   Ninetales     0.5000    0.0500    0.0909        20
      Oddish     0.7500    0.7500    0.7500        20
     Omanyte     0.6667    0.8000    0.7273        20
     Omastar     0.8667    0.6500    0.7429        20
        Onix     0.0000    0.0000    0.0000        20
       Paras     0.2812    0.9000    0.4286        20
    Parasect     0.5000    1.0000    0.6667        20
     Persian     0.8333    0.2500    0.3846        20
     Pidgeot     0.2632    0.2500    0.2564        20
   Pidgeotto     0.5625    0.4500    0.5000        20
      Pidgey     0.4000    0.2000    0.2667        20
     Pikachu     0.5185    0.7000    0.5957        20
      Pinsir     0.7647    0.6500    0.7027        20
     Poliwag     0.2639    0.9500    0.4130        20
   Poliwhirl     0.5909    0.6500    0.6190        20
   Poliwrath     0.7692    0.5000    0.6061        20
      Ponyta     0.7500    0.1500    0.2500        20
     Porygon     0.3611    0.6500    0.4643        20
    Primeape     0.8000    0.4000    0.5333        20
     Psyduck     0.5714    0.5714    0.5714        21
      Raichu     0.3846    0.5000    0.4348        20
    Rapidash     0.2000    0.3333    0.2500        21
    Raticate     0.7500    0.3000    0.4286        20
     Rattata     0.5882    0.5000    0.5405        20
      Rhydon     0.0000    0.0000    0.0000        20
     Rhyhorn     0.0000    0.0000    0.0000        20
   Sandshrew     0.5714    0.2000    0.2963        20
   Sandslash     0.7000    0.3500    0.4667        20
     Scyther     0.7059    0.6000    0.6486        20
      Seadra     0.8000    0.2000    0.3200        20
     Seaking     0.6087    0.7000    0.6512        20
        Seel     0.0000    0.0000    0.0000        20
    Shellder     0.3953    0.8500    0.5397        20
     Slowbro     1.0000    0.3500    0.5185        20
    Slowpoke     0.5000    0.2500    0.3333        20
     Snorlax     0.2500    0.1000    0.1429        20
     Spearow     0.4400    0.5500    0.4889        20
    Squirtle     0.7500    0.6000    0.6667        20
     Starmie     0.6667    0.9000    0.7660        20
      Staryu     0.6000    0.9000    0.7200        20
     Tangela     0.4516    0.7000    0.5490        20
      Tauros     0.6250    0.5000    0.5556        20
   Tentacool     0.5185    0.7000    0.5957        20
  Tentacruel     0.2169    0.9000    0.3495        20
    Vaporeon     1.0000    0.4500    0.6207        20
    Venomoth     0.7143    0.2500    0.3704        20
     Venonat     0.4857    0.8500    0.6182        20
    Venusaur     0.4118    0.7000    0.5185        20
  Victreebel     0.7143    0.5000    0.5882        20
   Vileplume     0.3333    0.9500    0.4935        20
     Voltorb     0.8235    0.7000    0.7568        20
      Vulpix     0.1759    0.9500    0.2969        20
   Wartortle     0.4545    0.5000    0.4762        20
      Weedle     0.4348    0.5000    0.4651        20
  Weepinbell     0.6923    0.4500    0.5455        20
     Weezing     0.5000    0.2500    0.3333        20
  Wigglytuff     0.7778    0.3500    0.4828        20
      Zapdos     0.6154    0.8000    0.6957        20
       Zubat     0.2609    0.6000    0.3636        20

    accuracy                         0.4927      3022
   macro avg     0.5812    0.4927    0.4808      3022
weighted avg     0.5811    0.4927    0.4808      3022
