              precision    recall  f1-score   support

        Abra     0.7500    0.5000    0.6000        30
  Aerodactyl     0.7143    0.1667    0.2703        30
    Alakazam     0.4717    0.8333    0.6024        30
       Arbok     0.9630    0.8667    0.9123        30
    Arcanine     0.4615    0.8000    0.5854        30
    Articuno     1.0000    0.3667    0.5366        30
    Beedrill     0.5455    0.8000    0.6486        30
  Bellsprout     0.5610    0.7667    0.6479        30
   Blastoise     0.8800    0.7333    0.8000        30
   Bulbasaur     0.6250    0.8333    0.7143        30
  Butterfree     0.9000    0.6000    0.7200        30
    Caterpie     0.2959    0.9667    0.4531        30
     Chansey     0.9500    0.6333    0.7600        30
   Charizard     0.3667    0.7333    0.4889        30
  Charmander     0.4667    0.9333    0.6222        30
  Charmeleon     0.3636    0.8000    0.5000        30
    Clefable     0.8519    0.7667    0.8070        30
    Clefairy     0.9048    0.6333    0.7451        30
    Cloyster     1.0000    0.5333    0.6957        30
      Cubone     0.6667    0.6000    0.6316        30
     Dewgong     0.6923    0.3000    0.4186        30
     Diglett     0.8276    0.8000    0.8136        30
       Ditto     0.8333    0.6667    0.7407        30
      Dodrio     0.3538    0.7667    0.4842        30
       Doduo     0.6364    0.7000    0.6667        30
   Dragonair     0.7143    0.5000    0.5882        30
   Dragonite     0.9444    0.5667    0.7083        30
     Dratini     0.8400    0.7000    0.7636        30
     Drowzee     0.9310    0.9000    0.9153        30
     Dugtrio     0.7419    0.7667    0.7541        30
       Eevee     0.7188    0.7667    0.7419        30
       Ekans     0.4717    0.8333    0.6024        30
  Electabuzz     0.7879    0.8667    0.8254        30
   Electrode     0.8636    0.6333    0.7308        30
   Exeggcute     1.0000    0.4000    0.5714        30
   Exeggutor     1.0000    0.6000    0.7500        30
   Farfetchd     0.9200    0.7667    0.8364        30
      Fearow     0.7895    0.5000    0.6122        30
     Flareon     0.5000    0.8000    0.6154        30
      Gastly     0.7714    0.9000    0.8308        30
      Gengar     0.7692    1.0000    0.8696        30
     Geodude     1.0000    0.3667    0.5366        30
       Gloom     1.0000    0.6333    0.7755        30
      Golbat     0.6364    0.9333    0.7568        30
     Goldeen     0.8333    0.5000    0.6250        30
     Golduck     0.7586    0.7333    0.7458        30
       Golem     0.6471    0.3667    0.4681        30
    Graveler     0.7500    0.3000    0.4286        30
      Grimer     0.9474    0.6000    0.7347        30
   Growlithe     0.3750    0.6000    0.4615        30
    Gyarados     0.7692    0.6667    0.7143        30
     Haunter     0.6216    0.7667    0.6866        30
  Hitmonchan     0.6296    0.5667    0.5965        30
   Hitmonlee     0.2188    0.7000    0.3333        30
      Horsea     0.5789    0.7333    0.6471        30
       Hypno     1.0000    0.5484    0.7083        31
     Ivysaur     0.6585    0.9000    0.7606        30
  Jigglypuff     0.6744    0.9667    0.7945        30
     Jolteon     0.9524    0.6667    0.7843        30
        Jynx     0.8710    0.9000    0.8852        30
      Kabuto     0.5610    0.7667    0.6479        30
    Kabutops     0.8125    0.4333    0.5652        30
     Kadabra     0.6923    0.3000    0.4186        30
      Kakuna     0.9500    0.6333    0.7600        30
  Kangaskhan     0.7059    0.4000    0.5106        30
     Kingler     0.9333    0.4667    0.6222        30
     Koffing     0.7917    0.6333    0.7037        30
      Krabby     0.7000    0.9333    0.8000        30
      Lapras     1.0000    0.3667    0.5366        30
   Lickitung     0.4909    0.9000    0.6353        30
     Machamp     1.0000    0.5667    0.7234        30
     Machoke     0.7500    0.7000    0.7241        30
      Machop     0.7619    0.5333    0.6275        30
    Magikarp     0.8214    0.7667    0.7931        30
      Magmar     1.0000    0.6667    0.8000        30
   Magnemite     0.8947    0.5667    0.6939        30
    Magneton     0.8696    0.6667    0.7547        30
      Mankey     0.5366    0.7333    0.6197        30
     Marowak     0.5714    0.2667    0.3636        30
      Meowth     0.7667    0.7667    0.7667        30
     Metapod     0.6111    0.7333    0.6667        30
         Mew     0.4516    0.4667    0.4590        30
      Mewtwo     0.6000    0.2000    0.3000        30
     Moltres     0.7667    0.7667    0.7667        30
     Mr-Mime     0.4792    0.7667    0.5897        30
         Muk     0.9000    0.3000    0.4500        30
    Nidoking     0.6364    0.7000    0.6667        30
   Nidoqueen     0.7333    0.7333    0.7333        30
   Nidoran-F     0.7600    0.6333    0.6909        30
   Nidoran-M     0.4028    0.9667    0.5686        30
    Nidorina     0.6957    0.5333    0.6038        30
    Nidorino     0.8889    0.2667    0.4103        30
   Ninetales     0.8571    0.2000    0.3243        30
      Oddish     1.0000    0.7667    0.8679        30
     Omanyte     0.7419    0.7667    0.7541        30
     Omastar     1.0000    0.6667    0.8000        30
        Onix     1.0000    0.0667    0.1250        30
       Paras     0.7778    0.9333    0.8485        30
    Parasect     0.8065    0.8333    0.8197        30
     Persian     0.8000    0.4000    0.5333        30
     Pidgeot     0.4706    0.2667    0.3404        30
   Pidgeotto     0.7037    0.6333    0.6667        30
      Pidgey     0.6333    0.6333    0.6333        30
     Pikachu     0.7222    0.8667    0.7879        30
      Pinsir     0.8800    0.7333    0.8000        30
     Poliwag     0.4706    0.8000    0.5926        30
   Poliwhirl     0.6316    0.4000    0.4898        30
   Poliwrath     0.8889    0.2667    0.4103        30
      Ponyta     0.5789    0.7333    0.6471        30
     Porygon     0.4062    0.8667    0.5532        30
    Primeape     0.7273    0.5333    0.6154        30
     Psyduck     0.9600    0.7742    0.8571        31
      Raichu     0.8000    0.5333    0.6400        30
    Rapidash     0.8750    0.4516    0.5957        31
    Raticate     0.8571    0.4000    0.5455        30
     Rattata     0.4792    0.7667    0.5897        30
      Rhydon     1.0000    0.2000    0.3333        30
     Rhyhorn     0.0000    0.0000    0.0000        30
   Sandshrew     0.7500    0.6000    0.6667        30
   Sandslash     0.9444    0.5667    0.7083        30
     Scyther     0.7742    0.8000    0.7869        30
      Seadra     0.8462    0.3667    0.5116        30
     Seaking     0.7917    0.6333    0.7037        30
        Seel     0.5000    0.1667    0.2500        30
    Shellder     0.5833    0.9333    0.7179        30
     Slowbro     0.6923    0.6000    0.6429        30
    Slowpoke     0.5641    0.7333    0.6377        30
     Snorlax     0.3750    0.8000    0.5106        30
     Spearow     0.4286    0.8000    0.5581        30
    Squirtle     0.5185    0.9333    0.6667        30
     Starmie     0.9615    0.8333    0.8929        30
      Staryu     1.0000    0.7667    0.8679        30
     Tangela     0.9630    0.8667    0.9123        30
      Tauros     0.6757    0.8333    0.7463        30
   Tentacool     0.6316    0.8000    0.7059        30
  Tentacruel     0.8400    0.7000    0.7636        30
    Vaporeon     0.7600    0.6333    0.6909        30
    Venomoth     0.9474    0.6000    0.7347        30
     Venonat     0.9474    0.6000    0.7347        30
    Venusaur     0.7407    0.6667    0.7018        30
  Victreebel     0.7179    0.9333    0.8116        30
   Vileplume     0.9310    0.9000    0.9153        30
     Voltorb     0.8276    0.8000    0.8136        30
      Vulpix     0.5882    0.6667    0.6250        30
   Wartortle     0.8800    0.7333    0.8000        30
      Weedle     0.2143    0.8000    0.3380        30
  Weepinbell     0.7576    0.8333    0.7937        30
     Weezing     0.7500    0.4000    0.5217        30
  Wigglytuff     0.9545    0.7000    0.8077        30
      Zapdos     0.8276    0.8000    0.8136        30
       Zubat     0.4211    0.8000    0.5517        30

    accuracy                         0.6508      4533
   macro avg     0.7316    0.6508    0.6495      4533
weighted avg     0.7318    0.6508    0.6495      4533
