              precision    recall  f1-score   support

        Abra     0.7500    0.6000    0.6667        20
  Aerodactyl     1.0000    0.1000    0.1818        20
    Alakazam     0.8333    0.5000    0.6250        20
       Arbok     0.9375    0.7500    0.8333        20
    Arcanine     0.4516    0.7000    0.5490        20
    Articuno     0.9000    0.4500    0.6000        20
    Beedrill     0.3137    0.8000    0.4507        20
  Bellsprout     0.3478    0.8000    0.4848        20
   Blastoise     0.5833    0.3500    0.4375        20
   Bulbasaur     0.6111    0.5500    0.5789        20
  Butterfree     0.7273    0.8000    0.7619        20
    Caterpie     0.1070    1.0000    0.1932        20
     Chansey     1.0000    0.3500    0.5185        20
   Charizard     0.2619    0.5500    0.3548        20
  Charmander     0.3810    0.8000    0.5161        20
  Charmeleon     0.2973    0.5500    0.3860        20
    Clefable     0.7000    0.3500    0.4667        20
    Clefairy     0.9091    0.5000    0.6452        20
    Cloyster     0.7391    0.8500    0.7907        20
      Cubone     1.0000    0.4000    0.5714        20
     Dewgong     0.8000    0.2000    0.3200        20
     Diglett     0.7727    0.8500    0.8095        20
       Ditto     1.0000    0.4000    0.5714        20
      Dodrio     0.5385    0.3500    0.4242        20
       Doduo     0.4062    0.6500    0.5000        20
   Dragonair     0.5385    0.3500    0.4242        20
   Dragonite     0.5000    0.3000    0.3750        20
     Dratini     0.5882    0.5000    0.5405        20
     Drowzee     0.8889    0.4000    0.5517        20
     Dugtrio     0.7647    0.6500    0.7027        20
       Eevee     0.9375    0.7500    0.8333        20
       Ekans     0.7500    0.6000    0.6667        20
  Electabuzz     0.4000    0.8000    0.5333        20
   Electrode     0.7895    0.7500    0.7692        20
   Exeggcute     0.5714    0.2000    0.2963        20
   Exeggutor     0.7368    0.7000    0.7179        20
   Farfetchd     0.8333    0.5000    0.6250        20
      Fearow     0.6250    0.2500    0.3571        20
     Flareon     0.2759    0.8000    0.4103        20
      Gastly     0.8333    0.5000    0.6250        20
      Gengar     0.7200    0.9000    0.8000        20
     Geodude     0.8889    0.4000    0.5517        20
       Gloom     0.5926    0.8000    0.6809        20
      Golbat     0.5312    0.8500    0.6538        20
     Goldeen     0.8182    0.4500    0.5806        20
     Golduck     0.2500    0.4500    0.3214        20
       Golem     0.8750    0.3500    0.5000        20
    Graveler     0.8000    0.2000    0.3200        20
      Grimer     1.0000    0.5500    0.7097        20
   Growlithe     0.2600    0.6500    0.3714        20
    Gyarados     0.4500    0.4500    0.4500        20
     Haunter     0.5833    0.7000    0.6364        20
  Hitmonchan     0.6000    0.7500    0.6667        20
   Hitmonlee     0.9000    0.4500    0.6000        20
      Horsea     0.5455    0.3000    0.3871        20
       Hypno     0.9333    0.7000    0.8000        20
     Ivysaur     0.8750    0.7000    0.7778        20
  Jigglypuff     0.6364    0.7000    0.6667        20
     Jolteon     0.8182    0.4500    0.5806        20
        Jynx     0.8824    0.7500    0.8108        20
      Kabuto     0.3500    0.7000    0.4667        20
    Kabutops     0.9091    0.5000    0.6452        20
     Kadabra     1.0000    0.1500    0.2609        20
      Kakuna     0.9231    0.6000    0.7273        20
  Kangaskhan     1.0000    0.2000    0.3333        20
     Kingler     0.8750    0.7000    0.7778        20
     Koffing     0.4545    0.7500    0.5660        20
      Krabby     0.6154    0.8000    0.6957        20
      Lapras     0.7273    0.4000    0.5161        20
   Lickitung     0.6000    0.3000    0.4000        20
     Machamp     0.9091    0.5000    0.6452        20
     Machoke     0.6923    0.4500    0.5455        20
      Machop     0.7000    0.3500    0.4667        20
    Magikarp     0.4815    0.6500    0.5532        20
      Magmar     0.5152    0.8500    0.6415        20
   Magnemite     1.0000    0.4000    0.5714        20
    Magneton     0.7647    0.6500    0.7027        20
      Mankey     0.0000    0.0000    0.0000        20
     Marowak     0.8333    0.2500    0.3846        20
      Meowth     0.8889    0.4000    0.5517        20
     Metapod     0.7857    0.5500    0.6471        20
         Mew     0.3571    0.2500    0.2941        20
      Mewtwo     1.0000    0.0500    0.0952        20
     Moltres     0.3750    0.1500    0.2143        20
     Mr-Mime     0.3704    0.5000    0.4255        20
         Muk     1.0000    0.2500    0.4000        20
    Nidoking     1.0000    0.2500    0.4000        20
   Nidoqueen     0.5714    0.4000    0.4706        20
   Nidoran-F     0.0000    0.0000    0.0000        20
   Nidoran-M     0.3704    0.5000    0.4255        20
    Nidorina     0.7273    0.4000    0.5161        20
    Nidorino     1.0000    0.0500    0.0952        20
   Ninetales     0.5000    0.1000    0.1667        20
      Oddish     0.9474    0.9000    0.9231        20
     Omanyte     0.6923    0.9000    0.7826        20
     Omastar     1.0000    0.4000    0.5714        20
        Onix     0.0000    0.0000    0.0000        20
       Paras     0.1776    0.9500    0.2992        20
    Parasect     0.5556    1.0000    0.7143        20
     Persian     0.6667    0.2000    0.3077        20
     Pidgeot     0.4000    0.4000    0.4000        20
   Pidgeotto     1.0000    0.3500    0.5185        20
      Pidgey     0.6667    0.6000    0.6316        20
     Pikachu     0.4250    0.8500    0.5667        20
      Pinsir     0.5600    0.7000    0.6222        20
     Poliwag     0.2742    0.8500    0.4146        20
   Poliwhirl     0.5000    0.4000    0.4444        20
   Poliwrath     1.0000    0.2500    0.4000        20
      Ponyta     0.5909    0.6500    0.6190        20
     Porygon     0.4359    0.8500    0.5763        20
    Primeape     0.5455    0.3000    0.3871        20
     Psyduck     0.9091    0.4762    0.6250        21
      Raichu     0.7273    0.4000    0.5161        20
    Rapidash     0.2564    0.4762    0.3333        21
    Raticate     0.5385    0.3500    0.4242        20
     Rattata     0.7692    0.5000    0.6061        20
      Rhydon     0.0000    0.0000    0.0000        20
     Rhyhorn     0.0000    0.0000    0.0000        20
   Sandshrew     0.5333    0.4000    0.4571        20
   Sandslash     0.7500    0.1500    0.2500        20
     Scyther     1.0000    0.6500    0.7879        20
      Seadra     1.0000    0.2000    0.3333        20
     Seaking     0.4054    0.7500    0.5263        20
        Seel     0.3333    0.0500    0.0870        20
    Shellder     0.3750    0.9000    0.5294        20
     Slowbro     1.0000    0.2500    0.4000        20
    Slowpoke     0.5000    0.5500    0.5238        20
     Snorlax     0.4000    0.3000    0.3429        20
     Spearow     0.5714    0.6000    0.5854        20
    Squirtle     0.4865    0.9000    0.6316        20
     Starmie     0.9444    0.8500    0.8947        20
      Staryu     0.9000    0.9000    0.9000        20
     Tangela     0.5312    0.8500    0.6538        20
      Tauros     0.9091    0.5000    0.6452        20
   Tentacool     0.6667    0.7000    0.6829        20
  Tentacruel     0.2794    0.9500    0.4318        20
    Vaporeon     0.5789    0.5500    0.5641        20
    Venomoth     0.8182    0.4500    0.5806        20
     Venonat     0.5600    0.7000    0.6222        20
    Venusaur     0.4118    0.7000    0.5185        20
  Victreebel     0.8182    0.4500    0.5806        20
   Vileplume     0.3750    0.9000    0.5294        20
     Voltorb     0.7619    0.8000    0.7805        20
      Vulpix     0.3529    0.3000    0.3243        20
   Wartortle     1.0000    0.3000    0.4615        20
      Weedle     0.5000    0.7500    0.6000        20
  Weepinbell     0.4706    0.8000    0.5926        20
     Weezing     1.0000    0.1500    0.2609        20
  Wigglytuff     0.6667    0.1000    0.1739        20
      Zapdos     0.9286    0.6500    0.7647        20
       Zubat     0.7273    0.8000    0.7619        20

    accuracy                         0.5195      3022
   macro avg     0.6480    0.5196    0.5139      3022
weighted avg     0.6480    0.5195    0.5139      3022
