              precision    recall  f1-score   support

        Abra     1.0000    0.2500    0.4000        20
  Aerodactyl     0.1667    0.0500    0.0769        20
    Alakazam     0.2963    0.4000    0.3404        20
       Arbok     0.8125    0.6500    0.7222        20
    Arcanine     0.1845    0.9500    0.3089        20
    Articuno     0.5000    0.2000    0.2857        20
    Beedrill     0.3871    0.6000    0.4706        20
  Bellsprout     0.8889    0.4000    0.5517        20
   Blastoise     0.8000    0.2000    0.3200        20
   Bulbasaur     1.0000    0.3500    0.5185        20
  Butterfree     0.8571    0.6000    0.7059        20
    Caterpie     0.5455    0.9000    0.6792        20
     Chansey     0.0000    0.0000    0.0000        20
   Charizard     0.0923    0.6000    0.1600        20
  Charmander     0.5714    0.2000    0.2963        20
  Charmeleon     0.1493    0.5000    0.2299        20
    Clefable     1.0000    0.1500    0.2609        20
    Clefairy     1.0000    0.0500    0.0952        20
    Cloyster     0.8571    0.6000    0.7059        20
      Cubone     0.0000    0.0000    0.0000        20
     Dewgong     0.0000    0.0000    0.0000        20
     Diglett     1.0000    0.1000    0.1818        20
       Ditto     1.0000    0.0500    0.0952        20
      Dodrio     0.4545    0.2500    0.3226        20
       Doduo     0.4000    0.3000    0.3429        20
   Dragonair     0.8333    0.2500    0.3846        20
   Dragonite     0.0000    0.0000    0.0000        20
     Dratini     1.0000    0.0500    0.0952        20
     Drowzee     0.5385    0.3500    0.4242        20
     Dugtrio     0.5714    0.2000    0.2963        20
       Eevee     1.0000    0.2000    0.3333        20
       Ekans     0.7647    0.6500    0.7027        20
  Electabuzz     0.1429    1.0000    0.2500        20
   Electrode     0.9167    0.5500    0.6875        20
   Exeggcute     0.0000    0.0000    0.0000        20
   Exeggutor     0.9167    0.5500    0.6875        20
   Farfetchd     0.7143    0.2500    0.3704        20
      Fearow     0.4000    0.1000    0.1600        20
     Flareon     0.4074    0.5500    0.4681        20
      Gastly     0.5000    0.3000    0.3750        20
      Gengar     0.6429    0.4500    0.5294        20
     Geodude     0.4000    0.1000    0.1600        20
       Gloom     0.6364    0.3500    0.4516        20
      Golbat     0.6875    0.5500    0.6111        20
     Goldeen     0.0000    0.0000    0.0000        20
     Golduck     0.2308    0.1500    0.1818        20
       Golem     0.4167    0.2500    0.3125        20
    Graveler     0.4000    0.1000    0.1600        20
      Grimer     0.6000    0.3000    0.4000        20
   Growlithe     0.2273    0.2500    0.2381        20
    Gyarados     0.1250    0.5500    0.2037        20
     Haunter     0.1758    0.8000    0.2883        20
  Hitmonchan     1.0000    0.0500    0.0952        20
   Hitmonlee     0.0000    0.0000    0.0000        20
      Horsea     1.0000    0.1000    0.1818        20
       Hypno     0.0000    0.0000    0.0000        20
     Ivysaur     1.0000    0.2500    0.4000        20
  Jigglypuff     0.0000    0.0000    0.0000        20
     Jolteon     0.4286    0.3000    0.3529        20
        Jynx     0.2923    0.9500    0.4471        20
      Kabuto     0.6667    0.4000    0.5000        20
    Kabutops     1.0000    0.0500    0.0952        20
     Kadabra     0.1111    0.0500    0.0690        20
      Kakuna     0.8462    0.5500    0.6667        20
  Kangaskhan     1.0000    0.0500    0.0952        20
     Kingler     0.1724    0.2500    0.2041        20
     Koffing     0.6250    0.2500    0.3571        20
      Krabby     0.5714    0.2000    0.2963        20
      Lapras     0.2500    0.0500    0.0833        20
   Lickitung     0.4000    0.5000    0.4444        20
     Machamp     0.6250    0.2500    0.3571        20
     Machoke     1.0000    0.1000    0.1818        20
      Machop     0.0000    0.0000    0.0000        20
    Magikarp     0.3077    0.2000    0.2424        20
      Magmar     0.3137    0.8000    0.4507        20
   Magnemite     0.6667    0.1000    0.1739        20
    Magneton     1.0000    0.2500    0.4000        20
      Mankey     1.0000    0.0500    0.0952        20
     Marowak     0.0000    0.0000    0.0000        20
      Meowth     0.6000    0.1500    0.2400        20
     Metapod     0.8000    0.2000    0.3200        20
         Mew     0.0000    0.0000    0.0000        20
      Mewtwo     0.1250    0.1500    0.1364        20
     Moltres     0.1528    0.5500    0.2391        20
     Mr-Mime     0.2500    0.0500    0.0833        20
         Muk     0.6154    0.4000    0.4848        20
    Nidoking     0.3077    0.6000    0.4068        20
   Nidoqueen     0.6471    0.5500    0.5946        20
   Nidoran-F     0.5000    0.0500    0.0909        20
   Nidoran-M     0.1104    0.8500    0.1954        20
    Nidorina     0.6667    0.1000    0.1739        20
    Nidorino     0.5000    0.2000    0.2857        20
   Ninetales     0.2500    0.2000    0.2222        20
      Oddish     0.7895    0.7500    0.7692        20
     Omanyte     1.0000    0.7000    0.8235        20
     Omastar     0.6667    0.2000    0.3077        20
        Onix     0.0000    0.0000    0.0000        20
       Paras     0.1833    0.5500    0.2750        20
    Parasect     0.1212    1.0000    0.2162        20
     Persian     0.0000    0.0000    0.0000        20
     Pidgeot     0.1111    0.0500    0.0690        20
   Pidgeotto     1.0000    0.0500    0.0952        20
      Pidgey     0.0000    0.0000    0.0000        20
     Pikachu     0.6667    0.3000    0.4138        20
      Pinsir     0.0000    0.0000    0.0000        20
     Poliwag     0.5556    0.5000    0.5263        20
   Poliwhirl     0.7143    0.5000    0.5882        20
   Poliwrath     0.6429    0.4500    0.5294        20
      Ponyta     0.7143    0.2500    0.3704        20
     Porygon     0.7500    0.1500    0.2500        20
    Primeape     0.0000    0.0000    0.0000        20
     Psyduck     1.0000    0.0952    0.1739        21
      Raichu     0.0714    0.0500    0.0588        20
    Rapidash     0.2400    0.2857    0.2609        21
    Raticate     1.0000    0.1500    0.2609        20
     Rattata     0.7500    0.1500    0.2500        20
      Rhydon     0.0000    0.0000    0.0000        20
     Rhyhorn     0.2000    0.0500    0.0800        20
   Sandshrew     0.0000    0.0000    0.0000        20
   Sandslash     0.2857    0.1000    0.1481        20
     Scyther     1.0000    0.4500    0.6207        20
      Seadra     0.8000    0.2000    0.3200        20
     Seaking     0.1471    0.7500    0.2459        20
        Seel     0.0000    0.0000    0.0000        20
    Shellder     0.3704    0.5000    0.4255        20
     Slowbro     0.5000    0.1500    0.2308        20
    Slowpoke     1.0000    0.2000    0.3333        20
     Snorlax     0.0000    0.0000    0.0000        20
     Spearow     0.0000    0.0000    0.0000        20
    Squirtle     1.0000    0.0500    0.0952        20
     Starmie     0.2410    1.0000    0.3883        20
      Staryu     0.8889    0.4000    0.5517        20
     Tangela     0.4848    0.8000    0.6038        20
      Tauros     1.0000    0.0500    0.0952        20
   Tentacool     0.6667    0.4000    0.5000        20
  Tentacruel     0.2568    0.9500    0.4043        20
    Vaporeon     0.5714    0.2000    0.2963        20
    Venomoth     0.4444    0.2000    0.2759        20
     Venonat     0.2586    0.7500    0.3846        20
    Venusaur     0.4483    0.6500    0.5306        20
  Victreebel     0.8333    0.5000    0.6250        20
   Vileplume     0.1466    0.8500    0.2500        20
     Voltorb     1.0000    0.2000    0.3333        20
      Vulpix     0.0773    0.7000    0.1393        20
   Wartortle     1.0000    0.3500    0.5185        20
      Weedle     0.6667    0.2000    0.3077        20
  Weepinbell     0.7059    0.6000    0.6486        20
     Weezing     0.6000    0.3000    0.4000        20
  Wigglytuff     0.0000    0.0000    0.0000        20
      Zapdos     0.2540    0.8000    0.3855        20
       Zubat     0.5263    0.5000    0.5128        20

    accuracy                         0.3048      3022
   macro avg     0.4925    0.3048    0.2874      3022
weighted avg     0.4926    0.3048    0.2873      3022
