              precision    recall  f1-score   support

        Abra     0.0000    0.0000    0.0000        20
  Aerodactyl     0.0000    0.0000    0.0000        20
    Alakazam     1.0000    0.0500    0.0952        20
       Arbok     0.3514    0.6500    0.4561        20
    Arcanine     0.1190    0.2500    0.1613        20
    Articuno     0.0000    0.0000    0.0000        20
    Beedrill     0.0500    0.0500    0.0500        20
  Bellsprout     0.0000    0.0000    0.0000        20
   Blastoise     0.0000    0.0000    0.0000        20
   Bulbasaur     1.0000    0.3000    0.4615        20
  Butterfree     0.0000    0.0000    0.0000        20
    Caterpie     0.1500    0.1500    0.1500        20
     Chansey     0.0000    0.0000    0.0000        20
   Charizard     0.1186    0.3500    0.1772        20
  Charmander     0.1667    0.1500    0.1579        20
  Charmeleon     0.0000    0.0000    0.0000        20
    Clefable     0.0000    0.0000    0.0000        20
    Clefairy     0.0000    0.0000    0.0000        20
    Cloyster     0.0000    0.0000    0.0000        20
      Cubone     0.0000    0.0000    0.0000        20
     Dewgong     0.0000    0.0000    0.0000        20
     Diglett     0.0000    0.0000    0.0000        20
       Ditto     0.0000    0.0000    0.0000        20
      Dodrio     0.2500    0.1000    0.1429        20
       Doduo     0.0000    0.0000    0.0000        20
   Dragonair     0.0000    0.0000    0.0000        20
   Dragonite     0.0000    0.0000    0.0000        20
     Dratini     0.0000    0.0000    0.0000        20
     Drowzee     0.0000    0.0000    0.0000        20
     Dugtrio     0.0000    0.0000    0.0000        20
       Eevee     1.0000    0.1500    0.2609        20
       Ekans     0.0000    0.0000    0.0000        20
  Electabuzz     0.6667    0.1000    0.1739        20
   Electrode     0.0000    0.0000    0.0000        20
   Exeggcute     0.0000    0.0000    0.0000        20
   Exeggutor     0.0000    0.0000    0.0000        20
   Farfetchd     0.0000    0.0000    0.0000        20
      Fearow     0.0000    0.0000    0.0000        20
     Flareon     0.0220    0.8500    0.0429        20
      Gastly     1.0000    0.0500    0.0952        20
      Gengar     0.3000    0.1500    0.2000        20
     Geodude     0.0000    0.0000    0.0000        20
       Gloom     0.4091    0.4500    0.4286        20
      Golbat     0.8571    0.3000    0.4444        20
     Goldeen     0.0000    0.0000    0.0000        20
     Golduck     0.0000    0.0000    0.0000        20
       Golem     0.0000    0.0000    0.0000        20
    Graveler     0.0000    0.0000    0.0000        20
      Grimer     0.0000    0.0000    0.0000        20
   Growlithe     0.0000    0.0000    0.0000        20
    Gyarados     0.0000    0.0000    0.0000        20
     Haunter     0.0000    0.0000    0.0000        20
  Hitmonchan     0.0000    0.0000    0.0000        20
   Hitmonlee     0.0000    0.0000    0.0000        20
      Horsea     0.0000    0.0000    0.0000        20
       Hypno     0.0000    0.0000    0.0000        20
     Ivysaur     0.0000    0.0000    0.0000        20
  Jigglypuff     0.0000    0.0000    0.0000        20
     Jolteon     0.0000    0.0000    0.0000        20
        Jynx     0.0278    0.0500    0.0357        20
      Kabuto     0.2162    0.4000    0.2807        20
    Kabutops     0.0000    0.0000    0.0000        20
     Kadabra     0.0000    0.0000    0.0000        20
      Kakuna     0.0000    0.0000    0.0000        20
  Kangaskhan     0.0000    0.0000    0.0000        20
     Kingler     0.0000    0.0000    0.0000        20
     Koffing     0.0000    0.0000    0.0000        20
      Krabby     0.0000    0.0000    0.0000        20
      Lapras     0.0000    0.0000    0.0000        20
   Lickitung     0.0000    0.0000    0.0000        20
     Machamp     0.0000    0.0000    0.0000        20
     Machoke     0.0000    0.0000    0.0000        20
      Machop     0.0000    0.0000    0.0000        20
    Magikarp     0.0000    0.0000    0.0000        20
      Magmar     0.1250    0.0500    0.0714        20
   Magnemite     0.0000    0.0000    0.0000        20
    Magneton     0.0000    0.0000    0.0000        20
      Mankey     0.0000    0.0000    0.0000        20
     Marowak     0.0000    0.0000    0.0000        20
      Meowth     0.0000    0.0000    0.0000        20
     Metapod     0.0000    0.0000    0.0000        20
         Mew     0.0000    0.0000    0.0000        20
      Mewtwo     0.0000    0.0000    0.0000        20
     Moltres     0.0125    0.6500    0.0246        20
     Mr-Mime     0.0000    0.0000    0.0000        20
         Muk     0.0000    0.0000    0.0000        20
    Nidoking     0.0000    0.0000    0.0000        20
   Nidoqueen     0.0000    0.0000    0.0000        20
   Nidoran-F     0.0000    0.0000    0.0000        20
   Nidoran-M     0.2500    0.1500    0.1875        20
    Nidorina     0.0000    0.0000    0.0000        20
    Nidorino     0.0000    0.0000    0.0000        20
   Ninetales     0.0000    0.0000    0.0000        20
      Oddish     1.0000    0.3500    0.5185        20
     Omanyte     1.0000    0.1500    0.2609        20
     Omastar     0.0000    0.0000    0.0000        20
        Onix     0.0000    0.0000    0.0000        20
       Paras     0.0000    0.0000    0.0000        20
    Parasect     0.4286    0.1500    0.2222        20
     Persian     0.0000    0.0000    0.0000        20
     Pidgeot     0.0094    0.0500    0.0159        20
   Pidgeotto     0.0000    0.0000    0.0000        20
      Pidgey     0.0000    0.0000    0.0000        20
     Pikachu     0.0909    0.2500    0.1333        20
      Pinsir     0.0000    0.0000    0.0000        20
     Poliwag     1.0000    0.0500    0.0952        20
   Poliwhirl     0.0000    0.0000    0.0000        20
   Poliwrath     0.0000    0.0000    0.0000        20
      Ponyta     0.0000    0.0000    0.0000        20
     Porygon     0.0000    0.0000    0.0000        20
    Primeape     0.0000    0.0000    0.0000        20
     Psyduck     0.0000    0.0000    0.0000        21
      Raichu     0.2000    0.0500    0.0800        20
    Rapidash     0.0000    0.0000    0.0000        21
    Raticate     0.0000    0.0000    0.0000        20
     Rattata     0.0000    0.0000    0.0000        20
      Rhydon     0.0000    0.0000    0.0000        20
     Rhyhorn     0.0000    0.0000    0.0000        20
   Sandshrew     0.0000    0.0000    0.0000        20
   Sandslash     0.0000    0.0000    0.0000        20
     Scyther     0.0000    0.0000    0.0000        20
      Seadra     0.0000    0.0000    0.0000        20
     Seaking     0.0000    0.0000    0.0000        20
        Seel     0.0000    0.0000    0.0000        20
    Shellder     0.3636    0.2000    0.2581        20
     Slowbro     0.0000    0.0000    0.0000        20
    Slowpoke     0.0000    0.0000    0.0000        20
     Snorlax     0.0000    0.0000    0.0000        20
     Spearow     0.0000    0.0000    0.0000        20
    Squirtle     0.0000    0.0000    0.0000        20
     Starmie     0.2500    0.0500    0.0833        20
      Staryu     0.0000    0.0000    0.0000        20
     Tangela     0.0000    0.0000    0.0000        20
      Tauros     0.0000    0.0000    0.0000        20
   Tentacool     0.3000    0.1500    0.2000        20
  Tentacruel     0.3261    0.7500    0.4545        20
    Vaporeon     0.0000    0.0000    0.0000        20
    Venomoth     0.0000    0.0000    0.0000        20
     Venonat     0.0000    0.0000    0.0000        20
    Venusaur     0.2727    0.3000    0.2857        20
  Victreebel     0.0000    0.0000    0.0000        20
   Vileplume     0.5294    0.4500    0.4865        20
     Voltorb     0.0000    0.0000    0.0000        20
      Vulpix     0.0177    0.4000    0.0338        20
   Wartortle     0.0000    0.0000    0.0000        20
      Weedle     0.1111    0.0500    0.0690        20
  Weepinbell     0.0000    0.0000    0.0000        20
     Weezing     0.0000    0.0000    0.0000        20
  Wigglytuff     0.0000    0.0000    0.0000        20
      Zapdos     1.0000    0.0500    0.0952        20
       Zubat     0.1951    0.4000    0.2623        20

    accuracy                         0.0612      3022
   macro avg     0.1006    0.0613    0.0507      3022
weighted avg     0.1005    0.0612    0.0506      3022
