              precision    recall  f1-score   support

        Abra     0.9000    0.4500    0.6000        20
  Aerodactyl     0.1250    0.0500    0.0714        20
    Alakazam     0.8000    0.4000    0.5333        20
       Arbok     0.5926    0.8000    0.6809        20
    Arcanine     0.5357    0.7500    0.6250        20
    Articuno     0.8421    0.8000    0.8205        20
    Beedrill     0.4390    0.9000    0.5902        20
  Bellsprout     0.6250    0.5000    0.5556        20
   Blastoise     0.8750    0.3500    0.5000        20
   Bulbasaur     0.7143    0.7500    0.7317        20
  Butterfree     0.4722    0.8500    0.6071        20
    Caterpie     0.2375    0.9500    0.3800        20
     Chansey     1.0000    0.1500    0.2609        20
   Charizard     0.2368    0.4500    0.3103        20
  Charmander     0.4231    0.5500    0.4783        20
  Charmeleon     0.2326    0.5000    0.3175        20
    Clefable     0.6364    0.3500    0.4516        20
    Clefairy     0.9091    0.5000    0.6452        20
    Cloyster     0.9091    0.5000    0.6452        20
      Cubone     0.8889    0.4000    0.5517        20
     Dewgong     0.7500    0.3000    0.4286        20
     Diglett     0.7222    0.6500    0.6842        20
       Ditto     0.3636    0.2000    0.2581        20
      Dodrio     0.4000    0.4000    0.4000        20
       Doduo     0.4516    0.7000    0.5490        20
   Dragonair     0.3750    0.3000    0.3333        20
   Dragonite     1.0000    0.0500    0.0952        20
     Dratini     0.3333    0.3000    0.3158        20
     Drowzee     0.6250    0.5000    0.5556        20
     Dugtrio     0.7647    0.6500    0.7027        20
       Eevee     0.5862    0.8500    0.6939        20
       Ekans     0.5000    0.7000    0.5833        20
  Electabuzz     0.7391    0.8500    0.7907        20
   Electrode     0.7500    0.9000    0.8182        20
   Exeggcute     0.6667    0.1000    0.1739        20
   Exeggutor     0.8462    0.5500    0.6667        20
   Farfetchd     0.9231    0.6000    0.7273        20
      Fearow     0.5000    0.2000    0.2857        20
     Flareon     0.4375    0.7000    0.5385        20
      Gastly     0.6000    0.6000    0.6000        20
      Gengar     0.3469    0.8500    0.4928        20
     Geodude     0.5455    0.3000    0.3871        20
       Gloom     0.6667    0.8000    0.7273        20
      Golbat     0.2679    0.7500    0.3947        20
     Goldeen     0.4118    0.3500    0.3784        20
     Golduck     0.4118    0.3500    0.3784        20
       Golem     0.8750    0.3500    0.5000        20
    Graveler     1.0000    0.2500    0.4000        20
      Grimer     0.9000    0.4500    0.6000        20
   Growlithe     0.7500    0.4500    0.5625        20
    Gyarados     0.4783    0.5500    0.5116        20
     Haunter     0.4615    0.6000    0.5217        20
  Hitmonchan     0.4333    0.6500    0.5200        20
   Hitmonlee     0.5238    0.5500    0.5366        20
      Horsea     0.7857    0.5500    0.6471        20
       Hypno     1.0000    0.5500    0.7097        20
     Ivysaur     0.6522    0.7500    0.6977        20
  Jigglypuff     0.6500    0.6500    0.6500        20
     Jolteon     0.7500    0.4500    0.5625        20
        Jynx     0.5000    0.8000    0.6154        20
      Kabuto     0.3548    0.5500    0.4314        20
    Kabutops     0.6667    0.2000    0.3077        20
     Kadabra     0.7000    0.3500    0.4667        20
      Kakuna     0.8571    0.6000    0.7059        20
  Kangaskhan     1.0000    0.1000    0.1818        20
     Kingler     0.6087    0.7000    0.6512        20
     Koffing     0.5909    0.6500    0.6190        20
      Krabby     0.4167    0.7500    0.5357        20
      Lapras     0.4286    0.4500    0.4390        20
   Lickitung     0.6000    0.3000    0.4000        20
     Machamp     0.7333    0.5500    0.6286        20
     Machoke     0.6667    0.6000    0.6316        20
      Machop     0.5789    0.5500    0.5641        20
    Magikarp     0.5385    0.7000    0.6087        20
      Magmar     0.5000    0.8500    0.6296        20
   Magnemite     0.6500    0.6500    0.6500        20
    Magneton     0.6667    0.6000    0.6316        20
      Mankey     0.3333    0.0500    0.0870        20
     Marowak     1.0000    0.2000    0.3333        20
      Meowth     0.6842    0.6500    0.6667        20
     Metapod     0.8000    0.2000    0.3200        20
         Mew     0.3636    0.2000    0.2581        20
      Mewtwo     0.5000    0.1000    0.1667        20
     Moltres     0.3793    0.5500    0.4490        20
     Mr-Mime     0.2121    0.7000    0.3256        20
         Muk     0.7778    0.3500    0.4828        20
    Nidoking     1.0000    0.3000    0.4615        20
   Nidoqueen     0.5455    0.3000    0.3871        20
   Nidoran-F     1.0000    0.1500    0.2609        20
   Nidoran-M     0.4444    0.6000    0.5106        20
    Nidorina     0.6667    0.5000    0.5714        20
    Nidorino     0.8000    0.2000    0.3200        20
   Ninetales     0.0000    0.0000    0.0000        20
      Oddish     0.8947    0.8500    0.8718        20
     Omanyte     0.7083    0.8500    0.7727        20
     Omastar     1.0000    0.4000    0.5714        20
        Onix     0.0000    0.0000    0.0000        20
       Paras     0.2169    0.9000    0.3495        20
    Parasect     0.5128    1.0000    0.6780        20
     Persian     0.8000    0.2000    0.3200        20
     Pidgeot     0.4706    0.4000    0.4324        20
   Pidgeotto     0.6000    0.3000    0.4000        20
      Pidgey     0.6667    0.2000    0.3077        20
     Pikachu     0.3333    0.9000    0.4865        20
      Pinsir     0.7692    0.5000    0.6061        20
     Poliwag     0.4043    0.9500    0.5672        20
   Poliwhirl     0.6471    0.5500    0.5946        20
   Poliwrath     0.7895    0.7500    0.7692        20
      Ponyta     0.5625    0.4500    0.5000        20
     Porygon     0.3784    0.7000    0.4912        20
    Primeape     0.6923    0.4500    0.5455        20
     Psyduck     0.8824    0.7143    0.7895        21
      Raichu     0.6000    0.6000    0.6000        20
    Rapidash     0.4400    0.5238    0.4783        21
    Raticate     0.7500    0.1500    0.2500        20
     Rattata     0.4667    0.3500    0.4000        20
      Rhydon     0.0000    0.0000    0.0000        20
     Rhyhorn     0.5000    0.0500    0.0909        20
   Sandshrew     0.7000    0.3500    0.4667        20
   Sandslash     1.0000    0.1500    0.2609        20
     Scyther     0.9231    0.6000    0.7273        20
      Seadra     1.0000    0.1500    0.2609        20
     Seaking     0.4667    0.7000    0.5600        20
        Seel     0.6667    0.1000    0.1739        20
    Shellder     0.3654    0.9500    0.5278        20
     Slowbro     1.0000    0.2500    0.4000        20
    Slowpoke     0.7692    0.5000    0.6061        20
     Snorlax     0.8333    0.5000    0.6250        20
     Spearow     0.2727    0.7500    0.4000        20
    Squirtle     0.6087    0.7000    0.6512        20
     Starmie     0.6538    0.8500    0.7391        20
      Staryu     0.8095    0.8500    0.8293        20
     Tangela     0.4211    0.8000    0.5517        20
      Tauros     0.5909    0.6500    0.6190        20
   Tentacool     0.6667    0.9000    0.7660        20
  Tentacruel     0.2969    0.9500    0.4524        20
    Vaporeon     0.8824    0.7500    0.8108        20
    Venomoth     0.8571    0.3000    0.4444        20
     Venonat     0.5652    0.6500    0.6047        20
    Venusaur     0.3208    0.8500    0.4658        20
  Victreebel     0.5625    0.4500    0.5000        20
   Vileplume     0.4390    0.9000    0.5902        20
     Voltorb     0.6667    0.9000    0.7660        20
      Vulpix     0.2857    0.1000    0.1481        20
   Wartortle     0.7059    0.6000    0.6486        20
      Weedle     0.3704    0.5000    0.4255        20
  Weepinbell     0.4800    0.6000    0.5333        20
     Weezing     0.8000    0.2000    0.3200        20
  Wigglytuff     0.8333    0.5000    0.6250        20
      Zapdos     0.7778    0.7000    0.7368        20
       Zubat     0.3448    0.5000    0.4082        20

    accuracy                         0.5179      3022
   macro avg     0.6108    0.5178    0.5003      3022
weighted avg     0.6108    0.5179    0.5004      3022
