              precision    recall  f1-score   support

        Abra     0.4000    0.0667    0.1143        30
  Aerodactyl     0.6667    0.0667    0.1212        30
    Alakazam     0.1475    0.3000    0.1978        30
       Arbok     0.5862    0.5667    0.5763        30
    Arcanine     0.3684    0.4667    0.4118        30
    Articuno     0.0000    0.0000    0.0000        30
    Beedrill     0.6000    0.5000    0.5455        30
  Bellsprout     0.4737    0.3000    0.3673        30
   Blastoise     0.5000    0.0333    0.0625        30
   Bulbasaur     0.8889    0.2667    0.4103        30
  Butterfree     1.0000    0.0667    0.1250        30
    Caterpie     0.7500    0.7000    0.7241        30
     Chansey     0.0000    0.0000    0.0000        30
   Charizard     0.0239    0.8333    0.0466        30
  Charmander     0.2619    0.3667    0.3056        30
  Charmeleon     0.2034    0.4000    0.2697        30
    Clefable     0.0000    0.0000    0.0000        30
    Clefairy     0.0000    0.0000    0.0000        30
    Cloyster     1.0000    0.2667    0.4211        30
      Cubone     0.0000    0.0000    0.0000        30
     Dewgong     0.0000    0.0000    0.0000        30
     Diglett     1.0000    0.0667    0.1250        30
       Ditto     0.0000    0.0000    0.0000        30
      Dodrio     0.1667    0.3000    0.2143        30
       Doduo     0.5556    0.1667    0.2564        30
   Dragonair     0.4615    0.2000    0.2791        30
   Dragonite     0.0000    0.0000    0.0000        30
     Dratini     1.0000    0.0333    0.0645        30
     Drowzee     0.7143    0.3333    0.4545        30
     Dugtrio     1.0000    0.1667    0.2857        30
       Eevee     0.0000    0.0000    0.0000        30
       Ekans     0.4000    0.1333    0.2000        30
  Electabuzz     0.1106    0.7667    0.1933        30
   Electrode     0.0000    0.0000    0.0000        30
   Exeggcute     0.0000    0.0000    0.0000        30
   Exeggutor     0.9167    0.3667    0.5238        30
   Farfetchd     0.6667    0.1333    0.2222        30
      Fearow     0.5000    0.0333    0.0625        30
     Flareon     0.0329    0.3333    0.0599        30
      Gastly     0.3387    0.7000    0.4565        30
      Gengar     0.6774    0.7000    0.6885        30
     Geodude     0.0000    0.0000    0.0000        30
       Gloom     0.4783    0.7333    0.5789        30
      Golbat     0.2442    0.7000    0.3621        30
     Goldeen     1.0000    0.0333    0.0645        30
     Golduck     0.6667    0.0667    0.1212        30
       Golem     1.0000    0.0333    0.0645        30
    Graveler     0.0000    0.0000    0.0000        30
      Grimer     1.0000    0.0667    0.1250        30
   Growlithe     0.1562    0.1667    0.1613        30
    Gyarados     0.1333    0.0667    0.0889        30
     Haunter     0.4800    0.4000    0.4364        30
  Hitmonchan     0.3333    0.0333    0.0606        30
   Hitmonlee     0.7500    0.1000    0.1765        30
      Horsea     0.7500    0.1000    0.1765        30
       Hypno     1.0000    0.0333    0.0645        30
     Ivysaur     1.0000    0.5000    0.6667        30
  Jigglypuff     0.6667    0.0667    0.1212        30
     Jolteon     0.5000    0.0333    0.0625        30
        Jynx     0.4490    0.7333    0.5570        30
      Kabuto     0.5161    0.5333    0.5246        30
    Kabutops     0.4000    0.0667    0.1143        30
     Kadabra     0.5000    0.0333    0.0625        30
      Kakuna     0.8333    0.1667    0.2778        30
  Kangaskhan     0.0000    0.0000    0.0000        30
     Kingler     0.7143    0.1667    0.2703        30
     Koffing     0.6667    0.0667    0.1212        30
      Krabby     0.5556    0.1667    0.2564        30
      Lapras     0.0000    0.0000    0.0000        30
   Lickitung     0.1429    0.0333    0.0541        30
     Machamp     1.0000    0.1667    0.2857        30
     Machoke     1.0000    0.1000    0.1818        30
      Machop     0.0000    0.0000    0.0000        30
    Magikarp     0.1095    0.5000    0.1796        30
      Magmar     0.1548    0.8000    0.2595        30
   Magnemite     0.0000    0.0000    0.0000        30
    Magneton     1.0000    0.0333    0.0645        30
      Mankey     0.0000    0.0000    0.0000        30
     Marowak     0.0000    0.0000    0.0000        30
      Meowth     0.6000    0.1000    0.1714        30
     Metapod     1.0000    0.1333    0.2353        30
         Mew     0.1667    0.1333    0.1481        30
      Mewtwo     0.0000    0.0000    0.0000        30
     Moltres     0.0582    0.5667    0.1056        30
     Mr-Mime     0.0000    0.0000    0.0000        30
         Muk     0.0000    0.0000    0.0000        30
    Nidoking     1.0000    0.0333    0.0645        30
   Nidoqueen     0.6000    0.1000    0.1714        30
   Nidoran-F     0.0000    0.0000    0.0000        30
   Nidoran-M     0.7647    0.4333    0.5532        30
    Nidorina     0.0000    0.0000    0.0000        30
    Nidorino     0.5000    0.0333    0.0625        30
   Ninetales     0.1111    0.1667    0.1333        30
      Oddish     0.8667    0.4333    0.5778        30
     Omanyte     0.9091    0.3333    0.4878        30
     Omastar     0.0000    0.0000    0.0000        30
        Onix     0.0000    0.0000    0.0000        30
       Paras     0.1572    0.8333    0.2646        30
    Parasect     0.3194    0.7667    0.4510        30
     Persian     0.0000    0.0000    0.0000        30
     Pidgeot     0.0000    0.0000    0.0000        30
   Pidgeotto     0.0000    0.0000    0.0000        30
      Pidgey     0.0000    0.0000    0.0000        30
     Pikachu     0.4444    0.1333    0.2051        30
      Pinsir     1.0000    0.2333    0.3784        30
     Poliwag     0.6875    0.3667    0.4783        30
   Poliwhirl     0.8889    0.2667    0.4103        30
   Poliwrath     1.0000    0.1667    0.2857        30
      Ponyta     0.0000    0.0000    0.0000        30
     Porygon     0.2400    0.6000    0.3429        30
    Primeape     0.0000    0.0000    0.0000        30
     Psyduck     0.0000    0.0000    0.0000        31
      Raichu     0.1200    0.1000    0.1091        30
    Rapidash     0.4000    0.0645    0.1111        31
    Raticate     0.0000    0.0000    0.0000        30
     Rattata     0.6667    0.0667    0.1212        30
      Rhydon     0.0000    0.0000    0.0000        30
     Rhyhorn     0.0000    0.0000    0.0000        30
   Sandshrew     1.0000    0.0667    0.1250        30
   Sandslash     0.6364    0.2333    0.3415        30
     Scyther     0.6000    0.4000    0.4800        30
      Seadra     1.0000    0.0333    0.0645        30
     Seaking     0.1562    0.6667    0.2532        30
        Seel     0.0000    0.0000    0.0000        30
    Shellder     0.6316    0.4000    0.4898        30
     Slowbro     0.0000    0.0000    0.0000        30
    Slowpoke     1.0000    0.0667    0.1250        30
     Snorlax     0.0000    0.0000    0.0000        30
     Spearow     0.3333    0.1333    0.1905        30
    Squirtle     0.5000    0.3333    0.4000        30
     Starmie     0.6000    0.8000    0.6857        30
      Staryu     0.9333    0.4667    0.6222        30
     Tangela     0.7143    0.3333    0.4545        30
      Tauros     0.2353    0.1333    0.1702        30
   Tentacool     0.7778    0.2333    0.3590        30
  Tentacruel     0.5000    0.8000    0.6154        30
    Vaporeon     0.6667    0.0667    0.1212        30
    Venomoth     0.0000    0.0000    0.0000        30
     Venonat     0.6111    0.3667    0.4583        30
    Venusaur     0.6000    0.8000    0.6857        30
  Victreebel     0.8000    0.2667    0.4000        30
   Vileplume     0.4865    0.6000    0.5373        30
     Voltorb     1.0000    0.2667    0.4211        30
      Vulpix     0.0801    0.8333    0.1462        30
   Wartortle     0.0000    0.0000    0.0000        30
      Weedle     0.0606    0.0667    0.0635        30
  Weepinbell     0.5294    0.3000    0.3830        30
     Weezing     0.0000    0.0000    0.0000        30
  Wigglytuff     0.0000    0.0000    0.0000        30
      Zapdos     0.3182    0.4667    0.3784        30
       Zubat     0.2667    0.5333    0.3556        30

    accuracy                         0.2123      4532
   macro avg     0.4116    0.2123    0.2021      4532
weighted avg     0.4115    0.2123    0.2021      4532
