              precision    recall  f1-score   support

        Abra     0.7500    0.6000    0.6667        20
  Aerodactyl     1.0000    0.1500    0.2609        20
    Alakazam     0.6250    0.5000    0.5556        20
       Arbok     0.2632    0.5000    0.3448        20
    Arcanine     0.4375    0.7000    0.5385        20
    Articuno     0.8571    0.3000    0.4444        20
    Beedrill     0.5333    0.8000    0.6400        20
  Bellsprout     0.8667    0.6500    0.7429        20
   Blastoise     0.6000    0.3000    0.4000        20
   Bulbasaur     0.8182    0.4500    0.5806        20
  Butterfree     0.6154    0.8000    0.6957        20
    Caterpie     0.2250    0.9000    0.3600        20
     Chansey     0.8750    0.3500    0.5000        20
   Charizard     0.2364    0.6500    0.3467        20
  Charmander     0.4333    0.6500    0.5200        20
  Charmeleon     0.3143    0.5500    0.4000        20
    Clefable     0.7000    0.3500    0.4667        20
    Clefairy     0.8750    0.3500    0.5000        20
    Cloyster     0.6842    0.6500    0.6667        20
      Cubone     0.8889    0.4000    0.5517        20
     Dewgong     0.5000    0.0500    0.0909        20
     Diglett     0.8462    0.5500    0.6667        20
       Ditto     0.5000    0.2500    0.3333        20
      Dodrio     0.4211    0.4000    0.4103        20
       Doduo     0.5714    0.6000    0.5854        20
   Dragonair     0.2727    0.3000    0.2857        20
   Dragonite     0.3333    0.1000    0.1538        20
     Dratini     0.4000    0.1000    0.1600        20
     Drowzee     0.4444    0.6000    0.5106        20
     Dugtrio     0.4667    0.7000    0.5600        20
       Eevee     0.4571    0.8000    0.5818        20
       Ekans     0.3125    0.7500    0.4412        20
  Electabuzz     0.5000    0.8500    0.6296        20
   Electrode     0.8421    0.8000    0.8205        20
   Exeggcute     0.2727    0.1500    0.1935        20
   Exeggutor     0.9375    0.7500    0.8333        20
   Farfetchd     0.7500    0.4500    0.5625        20
      Fearow     0.7143    0.2500    0.3704        20
     Flareon     0.3864    0.8500    0.5312        20
      Gastly     0.4074    0.5500    0.4681        20
      Gengar     0.3636    0.8000    0.5000        20
     Geodude     0.7143    0.2500    0.3704        20
       Gloom     0.7619    0.8000    0.7805        20
      Golbat     0.4250    0.8500    0.5667        20
     Goldeen     0.8000    0.2000    0.3200        20
     Golduck     0.2800    0.3500    0.3111        20
       Golem     0.7143    0.5000    0.5882        20
    Graveler     1.0000    0.1500    0.2609        20
      Grimer     0.7000    0.3500    0.4667        20
   Growlithe     0.4583    0.5500    0.5000        20
    Gyarados     0.2692    0.7000    0.3889        20
     Haunter     0.3137    0.8000    0.4507        20
  Hitmonchan     0.2778    0.5000    0.3571        20
   Hitmonlee     0.6154    0.4000    0.4848        20
      Horsea     0.5833    0.3500    0.4375        20
       Hypno     0.8182    0.4500    0.5806        20
     Ivysaur     0.7500    0.6000    0.6667        20
  Jigglypuff     0.5789    0.5500    0.5641        20
     Jolteon     0.7500    0.4500    0.5625        20
        Jynx     0.4359    0.8500    0.5763        20
      Kabuto     0.3333    0.5500    0.4151        20
    Kabutops     0.8333    0.2500    0.3846        20
     Kadabra     0.3846    0.2500    0.3030        20
      Kakuna     0.7647    0.6500    0.7027        20
  Kangaskhan     0.8889    0.4000    0.5517        20
     Kingler     0.5000    0.6000    0.5455        20
     Koffing     0.4800    0.6000    0.5333        20
      Krabby     0.6667    0.5000    0.5714        20
      Lapras     0.5455    0.3000    0.3871        20
   Lickitung     0.4286    0.4500    0.4390        20
     Machamp     0.8182    0.4500    0.5806        20
     Machoke     0.9231    0.6000    0.7273        20
      Machop     0.8125    0.6500    0.7222        20
    Magikarp     0.6111    0.5500    0.5789        20
      Magmar     0.4390    0.9000    0.5902        20
   Magnemite     0.8750    0.3500    0.5000        20
    Magneton     0.8182    0.4500    0.5806        20
      Mankey     0.0000    0.0000    0.0000        20
     Marowak     0.5833    0.3500    0.4375        20
      Meowth     0.9000    0.4500    0.6000        20
     Metapod     0.4000    0.1000    0.1600        20
         Mew     0.3750    0.1500    0.2143        20
      Mewtwo     0.3333    0.0500    0.0870        20
     Moltres     0.3810    0.8000    0.5161        20
     Mr-Mime     0.3611    0.6500    0.4643        20
         Muk     0.7778    0.3500    0.4828        20
    Nidoking     0.4815    0.6500    0.5532        20
   Nidoqueen     0.7692    0.5000    0.6061        20
   Nidoran-F     1.0000    0.1500    0.2609        20
   Nidoran-M     0.2830    0.7500    0.4110        20
    Nidorina     0.6667    0.3000    0.4138        20
    Nidorino     0.8000    0.2000    0.3200        20
   Ninetales     0.6667    0.1000    0.1739        20
      Oddish     0.7391    0.8500    0.7907        20
     Omanyte     0.9474    0.9000    0.9231        20
     Omastar     1.0000    0.5000    0.6667        20
        Onix     0.0000    0.0000    0.0000        20
       Paras     0.4318    0.9500    0.5938        20
    Parasect     0.6667    0.8000    0.7273        20
     Persian     0.2500    0.0500    0.0833        20
     Pidgeot     0.3500    0.3500    0.3500        20
   Pidgeotto     0.7778    0.3500    0.4828        20
      Pidgey     0.5000    0.2500    0.3333        20
     Pikachu     0.4167    0.7500    0.5357        20
      Pinsir     0.8333    0.7500    0.7895        20
     Poliwag     0.2267    0.8500    0.3579        20
   Poliwhirl     0.7333    0.5500    0.6286        20
   Poliwrath     0.5556    0.2500    0.3448        20
      Ponyta     0.5263    0.5000    0.5128        20
     Porygon     0.5714    0.8000    0.6667        20
    Primeape     0.7143    0.5000    0.5882        20
     Psyduck     0.6296    0.8095    0.7083        21
      Raichu     0.5000    0.4000    0.4444        20
    Rapidash     0.2941    0.4762    0.3636        21
    Raticate     0.6364    0.3500    0.4516        20
     Rattata     0.4286    0.6000    0.5000        20
      Rhydon     0.0000    0.0000    0.0000        20
     Rhyhorn     0.0000    0.0000    0.0000        20
   Sandshrew     0.6000    0.1500    0.2400        20
   Sandslash     0.8571    0.3000    0.4444        20
     Scyther     0.8333    0.5000    0.6250        20
      Seadra     1.0000    0.3000    0.4615        20
     Seaking     0.6250    0.7500    0.6818        20
        Seel     0.0000    0.0000    0.0000        20
    Shellder     0.3469    0.8500    0.4928        20
     Slowbro     0.7778    0.3500    0.4828        20
    Slowpoke     0.6154    0.4000    0.4848        20
     Snorlax     0.5000    0.2000    0.2857        20
     Spearow     0.3684    0.7000    0.4828        20
    Squirtle     0.5312    0.8500    0.6538        20
     Starmie     0.5625    0.9000    0.6923        20
      Staryu     0.7200    0.9000    0.8000        20
     Tangela     0.5333    0.8000    0.6400        20
      Tauros     0.6429    0.4500    0.5294        20
   Tentacool     0.6842    0.6500    0.6667        20
  Tentacruel     0.3585    0.9500    0.5205        20
    Vaporeon     0.8333    0.5000    0.6250        20
    Venomoth     0.8750    0.3500    0.5000        20
     Venonat     0.5172    0.7500    0.6122        20
    Venusaur     0.5200    0.6500    0.5778        20
  Victreebel     0.6471    0.5500    0.5946        20
   Vileplume     0.4130    0.9500    0.5758        20
     Voltorb     0.8571    0.9000    0.8780        20
      Vulpix     0.4000    0.2000    0.2667        20
   Wartortle     0.4762    0.5000    0.4878        20
      Weedle     0.4062    0.6500    0.5000        20
  Weepinbell     0.6250    0.7500    0.6818        20
     Weezing     0.7500    0.1500    0.2500        20
  Wigglytuff     0.6667    0.3000    0.4138        20
      Zapdos     0.8125    0.6500    0.7222        20
       Zubat     0.3333    0.4500    0.3830        20

    accuracy                         0.5023      3022
   macro avg     0.5753    0.5022    0.4835      3022
weighted avg     0.5752    0.5023    0.4836      3022
